0.020045 0
0.030045 0
0.040045 250.508
0.050045 249.042
0.060045 247.785
0.070045 246.865
0.080045 247.388
0.090045 247.677
0.100045 246.945
0.110045 247.606
0.120045 247.755
0.130045 247.592
0.140045 247.517
0.150045 247.322
0.160045 247.551
0.170045 247.364
0.180045 247.307
0.190045 247.553
0.200045 247.322
0.210045 247.355
0.220045 247.326
0.230045 247.367
0.240045 247.320
0.250045 247.276
0.260045 247.277
0.270045 247.287
0.280045 247.263
0.290045 247.230
0.300045 247.238
0.310045 247.217
0.320045 247.203
0.330045 247.214
0.340045 247.169
0.350045 247.118
0.360045 247.113
0.370045 247.116
0.380045 247.139
0.390045 247.144
0.400045 247.147
0.410045 247.082
0.420045 247.083
0.430045 247.080
0.440045 247.073
0.450045 247.057
0.460045 247.021
0.470045 247.031
0.480045 247.013
0.490045 247.031
0.500045 246.974
0.510045 247.000
0.520045 247.004
0.530045 246.971
0.540045 246.995
0.550045 246.982
0.560045 246.952
0.570045 246.947
0.580045 246.972
0.590045 246.954
0.600045 246.945
0.610045 246.922
0.620045 246.919
0.630045 246.951
0.640045 246.932
0.650045 246.920
0.660045 246.910
0.670045 246.925
0.680045 246.912
0.690045 246.907
0.700045 246.922
0.710045 246.884
0.720045 246.895
0.730045 246.889
0.740045 246.721
0.750045 258.073
0.760045 260.301
0.770045 260.575
0.780045 261.504
0.790045 262.151
0.800045 262.166
0.810045 261.926
0.820045 260.275
0.830045 260.098
0.840045 261.478
0.850045 261.767
0.860045 261.644
0.870045 261.848
0.880045 261.122
0.890045 260.257
0.900045 261.024
0.910045 262.184
0.920045 262.203
0.930045 262.044
0.940045 261.865
0.950045 261.221
0.960045 261.205
0.970045 261.867
0.980045 262.171
0.990045 261.982
1.000045 261.874
1.010045 261.690
1.020045 261.436
1.030045 261.569
1.040045 261.872
1.050045 261.893
1.060045 261.801
1.070045 261.751
1.080045 261.654
1.090045 261.561
1.100045 261.687
1.110045 261.809
1.120045 261.763
1.130045 261.674
1.140045 261.640
1.150045 261.603
1.160045 261.596
1.170045 261.675
1.180045 261.653
1.190045 261.665
1.200045 261.641
1.210045 261.612
1.220045 261.598
1.230045 261.587
1.240045 261.610
1.250045 261.632
1.260045 261.578
1.270045 261.600
1.280045 261.585
1.290045 261.537
1.300045 261.607
1.310045 261.593
1.320045 261.563
1.330045 261.558
1.340045 261.541
1.350045 261.544
1.360045 261.570
1.370045 261.525
1.380045 261.532
1.390045 261.586
1.400045 274.027
1.410045 0
1.420045 83.099
1.430045 83.198
1.440045 83.097
1.450045 83.054
1.460045 82.954
1.470045 82.910
1.480045 82.844
1.490045 83.015
1.500045 83.019
1.510045 83.001
1.520045 83.068
1.530045 83.000
1.540045 83.066
1.550045 83.087
1.560045 83.019
1.570045 82.986
1.580045 82.901
1.590045 82.776
1.600045 82.736
1.610045 82.739
1.620045 82.655
1.630045 82.597
1.640045 82.578
1.650045 328.451
1.660045 328.691
1.670045 328.986
1.680045 329.090
1.690045 329.243
1.700045 329.499
1.710045 329.411
1.720045 329.325
1.730045 329.590
1.740045 329.644
1.750045 329.513
1.760045 329.619
1.770045 329.655
1.780045 329.593
1.790045 329.563
1.800045 329.566
1.810045 329.653
1.820045 329.689
1.830045 329.635
1.840045 329.596
1.850045 329.656
1.860045 329.667
1.870045 329.567
1.880045 329.553
1.890045 329.483
1.900045 329.502
1.910045 329.427
1.920045 329.265
1.930045 329.389
1.940045 329.468
1.950045 329.458
1.960045 329.464
1.970045 329.502
1.980045 329.490
1.990045 329.519
2.000045 329.458
2.010045 329.332
2.020045 329.375
2.030045 329.344
2.040045 329.276
2.050045 329.333
2.060045 329.368
2.070045 329.223
2.080045 329.401
2.090045 329.344
2.100045 328.997
2.110045 343.732
2.120045 353.961
2.130045 352.963
2.140045 352.556
2.150045 351.728
2.160045 349.694
2.170045 350.259
2.180045 350.739
2.190045 350.788
2.200045 350.623
2.210045 349.395
2.220045 349.782
2.230045 350.302
2.240045 350.309
2.250045 350.467
2.260045 349.795
2.270045 349.468
2.280045 349.902
2.290045 349.860
2.300045 350.012
2.310045 349.482
2.320045 349.467
2.330045 349.996
2.340045 349.891
2.350045 349.614
2.360045 349.616
2.370045 349.360
2.380045 349.448
2.390045 349.749
2.400045 349.495
2.410045 349.261
2.420045 349.453
2.430045 349.378
2.440045 349.379
2.450045 349.484
2.460045 349.254
2.470045 349.349
2.480045 349.356
2.490045 349.197
2.500045 349.314
2.510045 349.306
2.520045 349.180
2.530045 349.263
2.540045 349.284
2.550045 349.167
2.560045 349.273
2.570045 349.257
2.580045 349.100
2.590045 349.181
2.600045 349.213
2.610045 349.136
2.620045 349.172
2.630045 349.168
2.640045 349.072
2.650045 349.133
2.660045 349.114
2.670045 349.057
2.680045 349.139
2.690045 349.112
2.700045 349.058
2.710045 349.108
2.720045 349.013
2.730045 349.021
2.740045 349.130
2.750045 349.014
2.760045 348.986
2.770045 349.096
2.780045 348.979
2.790045 348.996
2.800045 349.057
2.810045 349.073
2.820045 349.030
2.830045 349.057
2.840045 349.047
2.850045 349.016
2.860045 349.062
2.870045 349.287
2.880045 394.196
2.890045 396.419
2.900045 394.299
2.910045 393.511
2.920045 393.426
2.930045 392.634
2.940045 393.273
2.950045 391.607
2.960045 392.799
2.970045 392.289
2.980045 392.452
2.990045 392.488
3.000045 391.882
3.010045 393.223
3.020045 391.879
3.030045 392.762
3.040045 391.913
3.050045 392.318
3.060045 392.488
3.070045 392.413
3.080045 392.618
3.090045 391.789
3.100045 392.583
3.110045 391.901
3.120045 392.426
3.130045 392.140
3.140045 391.896
3.150045 392.373
3.160045 391.949
3.170045 392.232
3.180045 391.947
3.190045 392.100
3.200045 392.098
3.210045 391.923
3.220045 392.045
3.230045 392.008
3.240045 392.018
3.250045 391.990
3.260045 392.042
3.270045 391.941
3.280045 392.049
3.290045 391.880
3.300045 391.923
3.310045 392.008
3.320045 391.874
3.330045 391.993
3.340045 391.856
3.350045 391.839
3.360045 391.838
3.370045 391.793
3.380045 391.897
3.390045 391.845
3.400045 391.838
3.410045 391.943
3.420045 391.793
3.430045 391.816
3.440045 391.844
3.450045 391.756
3.460045 391.721
3.470045 391.693
3.480045 391.735
3.490045 391.806
3.500045 391.703
3.510045 391.743
3.520045 391.795
3.530045 391.738
3.540045 391.723
3.550045 391.767
3.560045 391.712
3.570045 391.755
3.580045 391.792
3.590045 391.744
3.600045 461.945
3.610045 498.826
3.620045 495.699
3.630045 494.940
3.640045 495.590
3.650045 494.190
3.660045 493.577
3.670045 493.386
3.680045 494.414
3.690045 494.639
3.700045 494.208
3.710045 493.843
3.720045 494.039
3.730045 494.262
3.740045 493.989
3.750045 494.099
3.760045 494.138
3.770045 494.001
3.780045 494.122
3.790045 494.117
3.800045 494.273
3.810045 494.295
3.820045 494.183
3.830045 494.077
3.840045 494.140
3.850045 494.213
3.860045 494.244
3.870045 494.136
3.880045 494.101
3.890045 494.076
3.900045 494.091
3.910045 494.131
3.920045 494.050
3.930045 494.064
3.940045 494.068
3.950045 494.032
3.960045 494.046
3.970045 494.021
3.980045 494.059
3.990045 494.052
4.000045 494.011
4.010045 493.971
4.020045 493.973
4.030045 493.946
4.040045 493.929
4.050045 494.010
4.060045 493.979
4.070045 493.926
4.080045 493.992
4.090045 494.001
4.100045 493.965
4.110045 493.853
4.120045 493.892
4.130045 493.986
4.140045 493.949
4.150045 493.891
4.160045 493.899
4.170045 493.948
4.180045 493.966
4.190045 493.991
4.200045 494.041
4.210045 493.920
4.220045 493.881
4.230045 493.944
4.240045 493.972
4.250045 493.950
4.260045 493.811
4.270045 493.950
4.280045 521.077
4.290045 528.296
4.300045 529.355
4.310045 527.436
4.320045 523.606
4.330045 524.493
4.340045 524.437
4.350045 521.900
4.360045 522.413
4.370045 524.306
4.380045 523.501
4.390045 522.256
4.400045 523.683
4.410045 524.021
4.420045 522.476
4.430045 523.316
4.440045 524.399
4.450045 523.042
4.460045 522.826
4.470045 523.673
4.480045 523.179
4.490045 522.488
4.500045 523.059
4.510045 523.151
4.520045 522.573
4.530045 522.628
4.540045 522.990
4.550045 522.877
4.560045 522.536
4.570045 522.713
4.580045 522.847
4.590045 522.622
4.600045 522.637
4.610045 522.980
4.620045 522.799
4.630045 522.433
4.640045 522.529
4.650045 522.743
4.660045 522.648
4.670045 522.605
4.680045 522.687
4.690045 522.630
4.700045 522.514
4.710045 522.499
4.720045 522.494
4.730045 522.276
4.740045 522.062
