0.020454 247.285
0.030454 246.774
0.040454 247.723
0.050454 247.287
0.060454 247.009
0.070454 247.767
0.080454 247.660
0.090454 247.544
0.100454 247.398
0.110454 247.324
0.120454 247.548
0.130454 247.225
0.140454 247.416
0.150454 247.477
0.160454 247.264
0.170454 247.345
0.180454 247.289
0.190454 247.358
0.200454 247.257
0.210454 247.254
0.220454 247.265
0.230454 247.263
0.240454 247.238
0.250454 247.198
0.260454 247.207
0.270454 247.185
0.280454 247.186
0.290454 247.173
0.300454 247.138
0.310454 247.093
0.320454 247.090
0.330454 247.106
0.340454 247.118
0.350454 247.133
0.360454 247.093
0.370454 247.056
0.380454 247.067
0.390454 247.048
0.400454 247.060
0.410454 247.023
0.420454 247.016
0.430454 247.009
0.440454 246.999
0.450454 246.994
0.460454 246.963
0.470454 246.985
0.480454 246.976
0.490454 246.978
0.500454 246.961
0.510454 246.959
0.520454 246.942
0.530454 246.949
0.540454 246.956
0.550454 246.923
0.560454 246.931
0.570454 246.900
0.580454 246.919
0.590454 246.948
0.600454 246.915
0.610454 246.895
0.620454 246.892
0.630454 246.900
0.640454 246.886
0.650454 246.888
0.660454 246.888
0.670454 246.858
0.680454 247.353
0.690454 263.996
0.700454 262.468
0.710454 260.978
0.720454 261.184
0.730454 262.291
0.740454 262.002
0.750454 262.350
0.760454 262.746
0.770454 262.171
0.780454 261.139
0.790454 260.982
0.800454 262.158
0.810454 262.301
0.820454 262.266
0.830454 262.381
0.840454 261.648
0.850454 261.264
0.860454 261.737
0.870454 262.363
0.880454 262.252
0.890454 262.180
0.900454 262.103
0.910454 261.709
0.920454 261.654
0.930454 262.053
0.940454 262.202
0.950454 262.080
0.960454 262.012
0.970454 261.882
0.980454 261.710
0.990454 261.796
1.000454 262.007
1.010454 262.008
1.020454 261.944
1.030454 261.864
1.040454 261.794
1.050454 261.777
1.060454 261.828
1.070454 261.887
1.080454 261.839
1.090454 261.790
1.100454 261.774
1.110454 261.735
1.120454 261.705
1.130454 261.775
1.140454 261.764
1.150454 261.747
1.160454 261.735
1.170454 261.700
1.180454 261.695
1.190454 261.705
1.200454 261.697
1.210454 261.696
1.220454 261.671
1.230454 261.651
1.240454 261.674
1.250454 261.646
1.260454 261.650
1.270454 261.638
1.280454 261.635
1.290454 261.625
1.300454 261.619
1.310454 261.612
1.320454 261.603
1.330454 261.607
1.340454 261.618
1.350454 261.606
1.360454 261.623
1.370454 281.362
1.380454 329.965
1.390454 331.655
1.400454 331.532
1.410454 330.926
1.420454 330.230
1.430454 329.760
1.440454 329.563
1.450454 328.315
1.460454 328.714
1.470454 328.745
1.480454 328.296
1.490454 328.748
1.500454 329.265
1.510454 329.406
1.520454 329.528
1.530454 329.791
1.540454 329.940
1.550454 329.877
1.560454 329.914
1.570454 329.965
1.580454 330.084
1.590454 330.171
1.600454 330.110
1.610454 330.069
1.620454 330.174
1.630454 330.195
1.640454 330.103
1.650454 330.155
1.660454 330.219
1.670454 330.165
1.680454 330.096
1.690454 330.052
1.700454 330.048
1.710454 330.061
1.720454 330.004
1.730454 329.973
1.740454 329.931
1.750454 329.932
1.760454 329.896
1.770454 329.831
1.780454 329.873
1.790454 329.910
1.800454 329.864
1.810454 329.792
1.820454 329.772
1.830454 329.727
1.840454 329.749
1.850454 329.735
1.860454 329.664
1.870454 329.686
1.880454 329.679
1.890454 329.644
1.900454 329.588
1.910454 329.587
1.920454 329.591
1.930454 329.514
1.940454 329.574
1.950454 329.609
1.960454 329.547
1.970454 329.527
1.980454 329.527
1.990454 329.461
2.000454 329.488
2.010454 329.485
2.020454 329.460
2.030454 329.463
2.040454 329.464
2.050454 329.453
2.060454 329.424
2.070454 339.267
2.080454 352.309
2.090454 352.633
2.100454 352.847
2.110454 351.850
2.120454 349.196
2.130454 349.817
2.140454 349.893
2.150454 350.780
2.160454 350.598
2.170454 348.893
2.180454 349.006
2.190454 349.319
2.200454 350.152
2.210454 350.773
2.220454 349.560
2.230454 348.874
2.240454 349.282
2.250454 349.738
2.260454 350.206
2.270454 349.326
2.280454 349.165
2.290454 349.650
2.300454 349.739
2.310454 349.712
2.320454 349.571
2.330454 349.033
2.340454 349.262
2.350454 349.676
2.360454 349.438
2.370454 349.260
2.380454 349.279
2.390454 349.206
2.400454 349.345
2.410454 349.415
2.420454 349.182
2.430454 349.263
2.440454 349.180
2.450454 349.137
2.460454 349.327
2.470454 349.240
2.480454 349.079
2.490454 349.212
2.500454 349.237
2.510454 349.149
2.520454 349.246
2.530454 349.138
2.540454 349.033
2.550454 349.198
2.560454 349.163
2.570454 349.078
2.580454 349.156
2.590454 349.107
2.600454 349.049
2.610454 349.123
2.620454 349.055
2.630454 349.005
2.640454 349.074
2.650454 348.982
2.660454 349.000
2.670454 349.047
2.680454 348.967
2.690454 348.987
2.700454 349.049
2.710454 349.031
2.720454 349.035
2.730454 349.067
2.740454 349.018
2.750454 348.984
2.760454 349.059
2.770454 348.997
2.780454 343.356
2.790454 394.474
2.800454 395.669
2.810454 394.171
2.820454 393.287
2.830454 393.737
2.840454 393.144
2.850454 393.712
2.860454 392.495
2.870454 393.255
2.880454 393.024
2.890454 392.902
2.900454 392.929
2.910454 392.584
2.920454 393.283
2.930454 392.403
2.940454 392.856
2.950454 392.407
2.960454 392.586
2.970454 392.798
2.980454 392.666
2.990454 392.631
3.000454 392.215
3.010454 392.665
3.020454 392.185
3.030454 392.595
3.040454 392.199
3.050454 392.171
3.060454 392.435
3.070454 392.091
3.080454 392.334
3.090454 392.052
3.100454 392.275
3.110454 392.165
3.120454 392.036
3.130454 392.162
3.140454 392.053
3.150454 392.094
3.160454 392.109
3.170454 392.077
3.180454 392.062
3.190454 392.094
3.200454 391.942
3.210454 392.011
3.220454 392.014
3.230454 391.946
3.240454 392.001
3.250454 391.912
3.260454 391.936
3.270454 391.934
3.280454 391.879
3.290454 391.908
3.300454 391.861
3.310454 391.885
3.320454 391.861
3.330454 391.823
3.340454 391.861
3.350454 391.817
3.360454 391.840
3.370454 391.899
3.380454 391.855
3.390454 391.824
3.400454 391.795
3.410454 391.792
3.420454 391.807
3.430454 391.752
3.440454 391.787
3.450454 391.812
3.460454 391.829
3.470454 391.836
3.480454 391.814
3.490454 391.836
3.500454 391.845
3.510454 391.813
3.520454 391.823
3.530454 391.801
3.540454 391.822
3.550454 391.777
3.560454 391.724
3.570454 391.825
3.580454 391.876
3.590454 391.791
3.600454 391.686
3.610454 391.761
3.620454 391.744
3.630454 391.780
3.640454 391.708
3.650454 391.671
3.660454 391.649
3.670454 391.644
3.680454 391.724
3.690454 391.700
3.700454 391.678
3.710454 391.684
3.720454 0
3.730454 0
3.740454 0
3.750454 0
3.760454 0
3.770454 0
3.780454 0
3.790454 0
3.800454 0
3.810454 0
3.820454 0
3.830454 0
3.840454 0
3.850454 0
3.860454 0
3.870454 0
3.880454 0
3.890454 0
3.900454 0
3.910454 0
3.920454 0
3.930454 0
3.940454 0
3.950454 0
3.960454 0
3.970454 0
3.980454 0
3.990454 0
4.000454 0
4.010454 0
4.020454 0
4.030454 0
4.040454 0
4.050454 0
4.060454 0
4.070454 0
4.080454 0
4.090454 0
4.100454 0
4.110454 0
4.120454 0
4.130454 0
4.140454 0
4.150454 0
4.160454 0
4.170454 0
4.180454 0
4.190454 0
4.200454 0
4.210454 0
4.220454 0
4.230454 0
4.240454 0
4.250454 0
4.260454 0
4.270454 0
4.280454 0
4.290454 0
4.300454 0
4.310454 0
4.320454 0
4.330454 0
4.340454 0
4.350454 0
4.360454 0
4.370454 0
4.380454 0
4.390454 0
4.400454 0
4.410454 0
4.420454 0
4.430454 0
4.440454 395.720
4.450454 395.126
4.460454 394.379
4.470454 393.892
4.480454 394.298
4.490454 393.860
4.500454 394.008
4.510454 393.781
4.520454 394.048
4.530454 393.773
4.540454 393.564
4.550454 393.676
4.560454 393.499
4.570454 393.497
4.580454 393.198
4.590454 393.266
4.600454 393.122
4.610454 393.290
4.620454 393.316
4.630454 392.954
4.640454 392.997
4.650454 392.935
4.660454 392.825
4.670454 392.927
4.680454 392.656
4.690454 392.646
4.700454 392.729
4.710454 392.567
4.720454 392.610
4.730454 392.479
4.740454 392.525
4.750454 392.512
4.760454 392.346
4.770454 392.420
4.780454 392.356
4.790454 392.301
4.800454 392.376
4.810454 392.272
4.820454 392.299
4.830454 392.296
4.840454 392.163
4.850454 392.260
4.860454 392.202
4.870454 392.145
4.880454 392.191
4.890454 392.087
4.900454 392.091
4.910454 392.088
4.920454 392.014
4.930454 392.082
4.940454 392.032
4.950454 392.012
4.960454 392.035
4.970454 391.951
4.980454 392.000
4.990454 391.968
5.000454 391.930
5.010454 391.998
5.020454 389.582
5.030454 0
5.040454 371.578
5.050454 372.857
5.060454 373.019
5.070454 372.953
5.080454 372.652
5.090454 370.286
5.100454 372.508
5.110454 373.955
5.120454 373.407
5.130454 371.149
5.140454 371.477
5.150454 374.388
5.160454 374.368
5.170454 372.092
5.180454 369.085
5.190454 371.255
5.200454 373.083
5.210454 371.826
5.220454 369.796
5.230454 369.289
5.240454 370.920
5.250454 371.889
5.260454 370.811
5.270454 369.182
5.280454 369.731
5.290454 370.797
5.300454 370.849
5.310454 370.206
5.320454 369.399
5.330454 369.859
5.340454 370.613
5.350454 370.365
5.360454 369.950
5.370454 369.618
5.380454 369.939
5.390454 370.380
5.400454 370.080
5.410454 369.772
5.420454 369.886
5.430454 370.030
5.440454 370.139
5.450454 370.015
5.460454 369.733
5.470454 369.914
5.480454 370.031
5.490454 369.924
5.500454 369.898
5.510454 369.821
5.520454 369.839
5.530454 369.950
5.540454 369.839
5.550454 369.776
5.560454 369.848
5.570454 369.808
5.580454 369.823
5.590454 369.833
5.600454 369.771
5.610454 369.801
5.620454 369.773
5.630454 369.762
5.640454 369.816
5.650454 369.784
5.660454 369.521
5.670454 394.694
5.680454 395.851
5.690454 394.650
5.700454 394.456
5.710454 394.165
5.720454 394.317
5.730454 393.049
5.740454 392.855
5.750454 393.769
5.760454 394.408
5.770454 393.736
5.780454 392.501
5.790454 393.150
5.800454 393.965
5.810454 393.699
5.820454 392.702
5.830454 392.487
5.840454 393.273
5.850454 393.411
5.860454 393.140
5.870454 392.572
5.880454 392.703
5.890454 393.201
5.900454 392.773
5.910454 392.528
5.920454 392.565
5.930454 392.627
5.940454 392.773
5.950454 392.434
5.960454 392.322
5.970454 392.498
5.980454 392.493
5.990454 392.486
6.000454 392.219
6.010454 392.259
6.020454 392.409
6.030454 392.268
6.040454 392.240
6.050454 392.234
6.060454 392.217
6.070454 392.322
6.080454 392.149
6.090454 392.106
6.100454 392.188
6.110454 392.119
6.120454 392.140
6.130454 392.074
6.140454 392.033
6.150454 392.077
6.160454 392.007
6.170454 392.034
6.180454 392.023
6.190454 391.961
6.200454 392.005
6.210454 391.946
6.220454 391.905
6.230454 391.950
6.240454 391.924
6.250454 391.951
6.260454 391.927
6.270454 391.873
6.280454 391.933
6.290454 391.884
6.300454 391.880
6.310454 391.919
6.320454 391.875
6.330454 391.881
6.340454 391.859
6.350454 391.835
6.360454 391.877
6.370454 391.887
6.380454 391.892
6.390454 391.825
6.400454 391.555
6.410454 331.738
6.420454 328.587
6.430454 331.194
6.440454 332.367
6.450454 332.458
6.460454 332.385
6.470454 332.050
6.480454 332.192
6.490454 332.259
6.500454 332.397
6.510454 332.604
6.520454 332.605
6.530454 332.084
6.540454 332.376
6.550454 332.518
6.560454 332.390
6.570454 333.034
6.580454 332.422
6.590454 332.226
6.600454 331.986
6.610454 331.544
6.620454 331.811
6.630454 331.208
6.640454 331.005
6.650454 330.952
6.660454 330.589
6.670454 330.743
6.680454 330.440
6.690454 330.340
6.700454 330.471
6.710454 330.203
6.720454 330.187
6.730454 330.116
6.740454 330.060
6.750454 330.152
6.760454 329.945
6.770454 329.931
6.780454 329.923
6.790454 329.845
6.800454 329.876
6.810454 329.813
6.820454 329.829
6.830454 329.887
6.840454 329.774
6.850454 329.703
6.860454 329.712
6.870454 329.709
6.880454 329.729
6.890454 329.660
6.900454 329.606
6.910454 329.649
6.920454 329.664
6.930454 329.635
6.940454 329.542
6.950454 329.560
6.960454 329.586
6.970454 329.560
6.980454 329.504
6.990454 329.467
7.000454 329.534
7.010454 329.583
7.020454 329.523
7.030454 329.600
7.040454 329.595
7.050454 329.470
7.060454 329.483
7.070454 329.463
7.080454 331.994
7.090454 352.442
7.100454 352.200
7.110454 351.781
7.120454 352.012
7.130454 351.244
7.140454 351.249
7.150454 350.560
7.160454 350.189
7.170454 350.990
7.180454 351.123
7.190454 351.076
7.200454 350.444
7.210454 349.955
7.220454 350.659
7.230454 350.965
7.240454 350.634
7.250454 350.173
7.260454 349.760
7.270454 350.225
7.280454 350.401
7.290454 350.320
7.300454 350.240
7.310454 349.910
7.320454 349.874
7.330454 350.216
7.340454 349.985
7.350454 349.742
7.360454 349.849
7.370454 349.761
7.380454 349.709
7.390454 349.850
7.400454 349.646
7.410454 349.533
7.420454 349.671
7.430454 349.572
7.440454 349.638
7.450454 349.580
7.460454 349.386
7.470454 349.490
7.480454 349.537
7.490454 349.402
7.500454 349.432
7.510454 349.466
7.520454 349.348
7.530454 349.441
7.540454 349.434
7.550454 349.258
7.560454 349.334
7.570454 349.364
7.580454 349.272
7.590454 349.310
7.600454 349.280
7.610454 349.214
7.620454 349.245
7.630454 349.226
7.640454 349.184
7.650454 349.217
7.660454 349.179
7.670454 349.158
7.680454 349.182
7.690454 349.133
7.700454 349.106
7.710454 349.158
7.720454 349.123
7.730454 349.089
7.740454 349.142
7.750454 349.125
7.760454 349.074
7.770454 348.432
7.780454 329.537
7.790454 330.490
7.800454 332.863
7.810454 332.547
7.820454 331.801
7.830454 331.296
7.840454 331.512
7.850454 331.977
7.860454 331.764
7.870454 331.498
7.880454 330.967
7.890454 331.116
7.900454 331.417
7.910454 331.382
7.920454 331.080
7.930454 330.678
7.940454 330.720
7.950454 331.039
7.960454 331.067
7.970454 330.809
7.980454 330.538
7.990454 330.371
8.000454 330.544
8.010454 330.649
8.020454 330.610
8.030454 330.437
8.040454 330.229
8.050454 330.267
8.060454 330.437
8.070454 330.471
8.080454 330.342
8.090454 330.136
8.100454 330.111
8.110454 330.241
8.120454 330.224
8.130454 330.134
8.140454 330.030
8.150454 329.956
8.160454 329.999
8.170454 329.972
8.180454 329.957
8.190454 329.953
8.200454 329.928
8.210454 329.891
8.220454 329.833
8.230454 329.871
8.240454 329.818
8.250454 329.773
8.260454 329.759
8.270454 329.733
8.280454 329.759
8.290454 329.728
8.300454 329.624
8.310454 329.655
8.320454 329.641
8.330454 329.590
8.340454 329.601
8.350454 329.565
8.360454 329.559
8.370454 329.600
8.380454 329.577
8.390454 329.553
8.400454 329.533
8.410454 329.539
8.420454 329.540
8.430454 329.512
8.440454 329.535
8.450454 329.485
8.460454 329.431
8.470454 329.516
8.480454 329.513
8.490454 329.494
8.500454 328.099
8.510454 291.396
8.520454 292.635
8.530454 295.940
8.540454 296.494
8.550454 295.833
8.560454 295.862
8.570454 295.764
8.580454 295.156
8.590454 295.557
8.600454 295.472
8.610454 295.145
8.620454 295.681
8.630454 295.198
8.640454 294.989
8.650454 295.262
8.660454 294.868
8.670454 294.858
8.680454 295.153
8.690454 294.772
8.700454 294.903
8.710454 294.918
8.720454 294.477
8.730454 294.665
8.740454 294.691
8.750454 294.485
8.760454 294.594
8.770454 294.476
8.780454 294.355
8.790454 294.520
8.800454 294.382
8.810454 294.295
8.820454 294.391
8.830454 294.338
8.840454 294.333
8.850454 294.323
8.860454 294.185
8.870454 294.170
8.880454 294.228
8.890454 294.150
8.900454 294.123
8.910454 294.090
8.920454 294.053
8.930454 294.044
8.940454 294.004
8.950454 293.925
8.960454 293.949
8.970454 293.960
8.980454 293.992
8.990454 293.946
9.000454 293.818
9.010454 293.830
9.020454 293.848
9.030454 293.807
9.040454 293.827
9.050454 293.778
9.060454 293.753
9.070454 293.778
9.080454 293.739
9.090454 293.702
9.100454 293.676
9.110454 293.692
9.120454 293.695
9.130454 293.636
9.140454 293.579
9.150454 293.617
9.160454 293.585
9.170454 293.618
9.180454 293.621
9.190454 290.312
9.200454 264.430
9.210454 263.232
9.220454 262.606
9.230454 262.201
9.240454 262.416
9.250454 262.376
9.260454 262.534
9.270454 262.411
9.280454 262.682
9.290454 262.566
9.300454 262.079
9.310454 262.541
9.320454 262.357
9.330454 262.113
9.340454 262.341
9.350454 262.347
9.360454 262.102
9.370454 262.132
9.380454 262.350
9.390454 262.054
9.400454 262.058
9.410454 262.239
9.420454 262.065
9.430454 261.991
9.440454 262.137
9.450454 262.040
9.460454 261.971
9.470454 262.073
9.480454 261.999
9.490454 261.890
9.500454 261.947
9.510454 261.960
9.520454 261.908
9.530454 261.951
9.540454 261.922
9.550454 261.861
9.560454 261.870
9.570454 261.879
9.580454 261.845
9.590454 261.803
9.600454 261.837
9.610454 261.801
9.620454 261.785
9.630454 261.771
9.640454 261.768
9.650454 261.757
9.660454 261.764
9.670454 261.746
9.680454 261.732
9.690454 261.724
9.700454 261.718
9.710454 261.716
9.720454 261.696
9.730454 261.694
9.740454 261.674
9.750454 261.681
9.760454 261.686
9.770454 261.658
9.780454 261.637
9.790454 261.651
9.800454 261.638
9.810454 261.651
9.820454 261.648
9.830454 261.574
9.840454 257.586
9.850454 250.999
9.860454 248.763
9.870454 247.231
9.880454 247.551
9.890454 247.752
9.900454 247.121
9.910454 248.274
9.920454 248.981
9.930454 248.259
9.940454 247.445
9.950454 247.351
9.960454 247.544
9.970454 247.405
9.980454 247.727
9.990454 248.200
10.000454 247.635
10.010454 247.255
10.020454 247.294
10.030454 247.280
10.040454 247.235
10.050454 247.415
10.060454 247.589
10.070454 247.441
10.080454 247.232
10.090454 247.211
10.100454 247.178
10.110454 247.165
10.120454 247.270
10.130454 247.360
10.140454 247.262
10.150454 247.139
10.160454 247.119
10.170454 247.098
10.180454 247.113
10.190454 247.180
10.200454 247.211
10.210454 247.131
10.220454 247.114
10.230454 247.086
10.240454 247.066
10.250454 247.059
10.260454 247.044
10.270454 247.081
10.280454 247.050
10.290454 247.045
10.300454 246.999
10.310454 246.999
10.320454 247.012
10.330454 247.000
10.340454 247.010
10.350454 247.000
10.360454 246.984
10.370454 246.968
10.380454 246.982
10.390454 246.962
10.400454 246.960
10.410454 246.943
10.420454 246.934
10.430454 246.951
10.440454 246.933
10.450454 246.917
10.460454 246.921
10.470454 246.911
10.480454 246.911
10.490454 246.899
10.500454 249.174
10.510454 263.748
10.520454 262.946
10.530454 262.044
10.540454 262.221
10.550454 261.679
10.560454 260.439
10.570454 261.647
10.580454 262.497
10.590454 262.191
10.600454 262.350
10.610454 261.843
10.620454 261.231
10.630454 260.901
10.640454 262.009
10.650454 262.472
10.660454 262.154
10.670454 262.332
10.680454 261.828
10.690454 261.466
10.700454 261.747
10.710454 262.282
10.720454 262.243
10.730454 262.120
10.740454 262.052
10.750454 261.762
10.760454 261.712
10.770454 262.018
10.780454 262.156
10.790454 262.025
10.800454 261.932
10.810454 261.853
10.820454 261.770
10.830454 261.820
10.840454 261.997
10.850454 261.955
10.860454 261.870
10.870454 261.850
10.880454 261.787
10.890454 261.771
10.900454 261.797
10.910454 261.833
10.920454 261.810
10.930454 261.776
10.940454 261.726
10.950454 261.738
10.960454 261.723
10.970454 261.752
10.980454 261.751
10.990454 261.716
11.000454 261.704
11.010454 261.710
11.020454 261.685
11.030454 261.676
11.040454 261.678
11.050454 261.664
11.060454 261.678
11.070454 261.661
11.080454 261.645
11.090454 261.634
11.100454 261.638
11.110454 261.633
11.120454 261.633
11.130454 261.622
11.140454 261.598
11.150454 261.600
11.160454 261.599
11.170454 261.603
11.180454 261.590
11.190454 261.591
11.200454 261.577
11.210454 261.586
11.220454 261.567
11.230454 261.561
11.240454 261.555
11.250454 261.558
11.260454 261.555
11.270454 261.562
11.280454 261.528
11.290454 261.519
11.300454 261.573
11.310454 261.540
11.320454 261.520
11.330454 261.519
11.340454 261.514
11.350454 261.487
11.360454 261.507
11.370454 261.522
11.380454 261.507
11.390454 261.495
11.400454 261.493
11.410454 261.494
11.420454 261.479
11.430454 261.481
11.440454 261.470
11.450454 261.486
11.460454 261.490
11.470454 261.468
11.480454 261.469
11.490454 261.490
11.500454 261.455
11.510454 261.457
11.520454 261.446
11.530454 261.493
11.540454 261.517
11.550454 261.453
11.560454 261.444
11.570454 261.443
11.580454 261.462
11.590454 261.496
11.600454 261.500
11.610454 261.457
11.620454 261.419
11.630454 261.418
11.640454 261.470
11.650454 261.444
11.660454 261.434
11.670454 261.437
11.680454 261.462
11.690454 261.529
11.700454 261.470
11.710454 261.409
11.720454 261.411
11.730454 261.418
11.740454 261.404
