0.024887 0
0.034887 0
0.044887 529.572
0.054887 529.168
0.064887 528.095
0.074887 526.455
0.084887 524.957
0.094887 524.375
0.104887 523.557
0.114887 523.782
0.124887 523.834
0.134887 523.895
0.144887 523.994
0.154887 523.753
0.164887 523.829
0.174887 523.593
0.184887 523.755
0.194887 523.976
0.204887 523.725
0.214887 523.595
0.224887 523.603
0.234887 523.325
0.244887 523.239
0.254887 523.291
0.264887 523.091
0.274887 523.007
0.284887 523.132
0.294887 523.027
0.304887 523.031
0.314887 523.023
0.324887 522.980
0.334887 522.946
0.344887 522.866
0.354887 522.952
0.364887 523.005
0.374887 522.969
0.384887 522.915
0.394887 522.816
0.404887 522.803
0.414887 522.776
0.424887 522.706
0.434887 522.750
0.444887 522.775
0.454887 522.689
0.464887 522.692
0.474887 522.581
0.484887 522.474
0.494887 522.555
0.504887 522.561
0.514887 522.684
0.524887 522.622
0.534887 522.540
0.544887 522.581
0.554887 522.275
0.564887 522.295
0.574887 522.379
0.584887 522.159
0.594887 522.206
0.604887 522.280
0.614887 522.357
0.624887 0
0.634887 0
0.644887 0
0.654887 0
0.664887 0
0.674887 0
0.684887 0
0.694887 0
0.704887 0
0.714887 0
0.724887 0
0.734887 0
0.744887 0
0.754887 0
0.764887 0
0.774887 0
0.784887 0
0.794887 0
0.804887 0
0.814887 497.718
0.824887 496.292
0.834887 495.724
0.844887 496.460
0.854887 495.632
0.864887 494.772
0.874887 494.830
0.884887 495.778
0.894887 495.468
0.904887 494.906
0.914887 494.689
0.924887 494.872
0.934887 494.828
0.944887 494.596
0.954887 494.790
0.964887 494.524
0.974887 494.361
0.984887 494.533
0.994887 494.519
1.004887 494.501
1.014887 494.502
1.024887 494.438
1.034887 494.279
1.044887 494.296
1.054887 494.382
1.064887 494.394
1.074887 494.212
1.084887 494.183
1.094887 494.233
1.104887 494.189
1.114887 494.169
1.124887 494.181
1.134887 494.154
1.144887 494.128
1.154887 494.126
1.164887 494.100
1.174887 494.114
1.184887 494.104
1.194887 494.074
1.204887 494.031
1.214887 493.981
1.224887 494.014
1.234887 494.028
1.244887 494.021
1.254887 494.023
1.264887 493.986
1.274887 493.983
1.284887 493.991
1.294887 493.974
1.304887 494.022
1.314887 494.006
1.324887 493.933
1.334887 493.937
1.344887 493.984
1.354887 493.972
1.364887 493.967
1.374887 493.946
1.384887 493.983
1.394887 493.994
1.404887 493.956
1.414887 493.956
1.424887 493.926
1.434887 493.951
1.444887 493.972
1.454887 494.003
1.464887 494.025
1.474887 493.960
1.484887 493.948
1.494887 493.921
1.504887 493.894
1.514887 493.948
1.524887 494.005
1.534887 493.883
1.544887 493.905
1.554887 493.976
1.564887 493.938
1.574887 494.001
1.584887 493.980
1.594887 490.309
1.604887 443.997
1.614887 442.013
1.624887 442.643
1.634887 441.915
1.644887 443.307
1.654887 441.358
1.664887 441.671
1.674887 440.724
1.684887 442.084
1.694887 441.586
1.704887 441.842
1.714887 440.805
1.724887 441.304
1.734887 420.952
1.744887 403.993
1.754887 401.297
1.764887 404.202
1.774887 403.953
1.784887 403.225
1.794887 401.279
1.804887 402.975
1.814887 401.023
1.824887 402.298
1.834887 398.808
1.844887 400.191
1.854887 395.795
1.864887 398.400
1.874887 395.118
1.884887 397.107
1.894887 394.459
1.904887 396.242
1.914887 394.037
1.924887 395.126
1.934887 393.384
1.944887 394.155
1.954887 393.230
1.964887 393.403
1.974887 393.326
1.984887 392.502
1.994887 393.179
2.004887 392.256
2.014887 392.945
2.024887 392.081
2.034887 392.817
2.044887 391.990
2.054887 392.639
2.064887 391.812
2.074887 392.585
2.084887 391.781
2.094887 392.435
2.104887 391.945
2.114887 392.249
2.124887 392.024
2.134887 392.138
2.144887 391.920
2.154887 392.146
2.164887 391.955
2.174887 392.070
2.184887 391.984
2.194887 391.926
2.204887 391.975
2.214887 391.866
2.224887 391.913
2.234887 391.885
2.244887 391.891
2.254887 391.881
2.264887 391.878
2.274887 391.816
2.284887 391.910
2.294887 391.814
2.304887 391.881
2.314887 391.844
2.324887 391.774
2.334887 391.799
2.344887 391.848
2.354887 391.794
2.364887 391.863
2.374887 391.814
2.384887 391.776
2.394887 391.794
2.404887 391.766
2.414887 391.787
2.424887 391.807
2.434887 391.770
2.444887 391.670
2.454887 391.758
2.464887 391.843
2.474887 391.873
2.484887 391.814
2.494887 391.869
2.504887 391.740
2.514887 391.648
2.524887 391.654
2.534887 391.833
2.544887 391.906
2.554887 391.985
2.564887 391.796
2.574887 391.752
2.584887 391.751
2.594887 391.580
2.604887 391.850
2.614887 391.831
2.624887 391.694
2.634887 391.783
2.644887 391.699
2.654887 391.537
2.664887 391.603
2.674887 391.430
2.684887 391.649
2.694887 391.803
2.704887 391.743
2.714887 388.836
2.724887 378.166
2.734887 375.018
2.744887 373.906
2.754887 372.355
2.764887 370.088
2.774887 371.429
2.784887 371.434
2.794887 371.816
2.804887 370.163
2.814887 369.856
2.824887 371.352
2.834887 371.409
2.844887 370.890
2.854887 369.617
2.864887 369.867
2.874887 371.243
2.884887 370.873
2.894887 370.085
2.904887 369.258
2.914887 370.450
2.924887 371.192
2.934887 370.479
2.944887 369.809
2.954887 369.818
2.964887 370.120
2.974887 370.619
2.984887 370.236
2.994887 369.632
3.004887 369.974
3.014887 370.180
3.024887 370.128
3.034887 370.035
3.044887 369.760
3.054887 370.028
3.064887 370.094
3.074887 369.934
3.084887 369.978
3.094887 369.839
3.104887 369.908
3.114887 370.113
3.124887 369.926
3.134887 369.783
3.144887 369.956
3.154887 369.836
3.164887 369.912
3.174887 369.933
3.184887 369.822
3.194887 369.885
3.204887 369.873
3.214887 369.738
3.224887 369.782
3.234887 369.765
3.244887 369.829
3.254887 369.850
3.264887 369.777
3.274887 369.791
3.284887 369.830
3.294887 369.781
3.304887 369.851
3.314887 369.840
3.324887 369.827
3.334887 369.813
3.344887 369.718
3.354887 369.706
3.364887 369.704
3.374887 369.701
3.384887 369.682
3.394887 369.715
3.404887 369.743
3.414887 369.704
3.424887 369.666
3.434887 369.651
3.444887 369.894
3.454887 369.733
3.464887 369.645
3.474887 369.619
3.484887 382.510
3.494887 0
3.504887 396.332
3.514887 394.033
3.524887 392.264
3.534887 392.309
3.544887 393.956
3.554887 392.470
3.564887 391.866
3.574887 392.117
3.584887 393.754
3.594887 392.921
3.604887 391.854
3.614887 392.222
3.624887 392.825
3.634887 393.020
3.644887 391.942
3.654887 391.878
3.664887 392.167
3.674887 392.907
3.684887 392.680
3.694887 391.856
3.704887 392.080
3.714887 392.393
3.724887 392.339
3.734887 392.232
3.744887 391.834
3.754887 392.073
3.764887 392.326
3.774887 392.019
3.784887 391.980
3.794887 391.948
3.804887 392.138
3.814887 392.085
3.824887 391.859
3.834887 391.991
3.844887 391.975
3.854887 391.955
3.864887 392.041
3.874887 391.896
3.884887 391.915
3.894887 391.963
3.904887 391.880
3.914887 391.975
3.924887 391.884
3.934887 391.860
3.944887 391.921
3.954887 391.855
3.964887 391.880
3.974887 391.835
3.984887 391.799
3.994887 391.826
4.004887 391.822
4.014887 391.798
4.024887 391.862
4.034887 391.798
4.044887 391.803
4.054887 391.754
4.064887 391.736
4.074887 391.834
4.084887 391.777
4.094887 391.836
4.104887 391.787
4.114887 391.709
4.124887 391.723
4.134887 391.785
4.144887 391.715
4.154887 391.730
4.164887 391.789
4.174887 391.726
4.184887 391.660
4.194887 391.807
4.204887 391.710
4.214887 391.596
4.224887 391.687
4.234887 387.883
4.244887 324.838
4.254887 327.888
4.264887 333.495
4.274887 333.406
4.284887 334.077
4.294887 332.271
4.304887 333.206
4.314887 333.054
4.324887 333.317
4.334887 334.786
4.344887 333.232
4.354887 332.813
4.364887 332.406
4.374887 331.349
4.384887 331.712
4.394887 331.240
4.404887 331.035
4.414887 331.143
4.424887 330.097
4.434887 330.281
4.444887 330.361
4.454887 330.125
4.464887 330.217
4.474887 329.844
4.484887 329.971
4.494887 330.064
4.504887 329.795
4.514887 329.854
4.524887 329.850
4.534887 329.860
4.544887 329.841
4.554887 329.613
4.564887 329.649
4.574887 329.874
4.584887 329.635
4.594887 329.575
4.604887 329.623
4.614887 329.649
4.624887 329.562
4.634887 329.438
4.644887 329.514
4.654887 329.669
4.664887 329.581
4.674887 329.376
4.684887 329.409
4.694887 329.536
4.704887 329.589
4.714887 329.658
4.724887 329.630
4.734887 329.541
4.744887 329.435
4.754887 329.418
4.764887 329.434
4.774887 329.470
4.784887 329.452
4.794887 329.343
4.804887 329.354
4.814887 329.413
4.824887 329.363
4.834887 329.330
4.844887 329.482
4.854887 329.602
4.864887 329.728
4.874887 329.837
4.884887 329.941
4.894887 329.290
4.904887 329.417
4.914887 329.691
4.924887 329.664
4.934887 0
4.944887 0
4.954887 352.299
4.964887 351.868
4.974887 351.338
4.984887 350.625
4.994887 351.334
5.004887 350.301
5.014887 350.311
5.024887 350.615
5.034887 350.818
5.044887 351.131
5.054887 350.185
5.064887 349.756
5.074887 350.374
5.084887 350.642
5.094887 350.579
5.104887 349.927
5.114887 349.497
5.124887 349.962
5.134887 350.082
5.144887 350.321
5.154887 350.128
5.164887 349.600
5.174887 349.687
5.184887 350.016
5.194887 349.772
5.204887 349.742
5.214887 349.688
5.224887 349.458
5.234887 349.628
5.244887 349.741
5.254887 349.488
5.264887 349.483
5.274887 349.492
5.284887 349.445
5.294887 349.584
5.304887 349.428
5.314887 349.285
5.324887 349.440
5.334887 349.393
5.344887 349.341
5.354887 349.401
5.364887 349.329
5.374887 349.255
5.384887 349.404
5.394887 349.278
5.404887 349.182
5.414887 349.295
5.424887 349.251
5.434887 349.193
5.444887 349.306
5.454887 349.236
5.464887 349.158
5.474887 349.197
5.484887 349.187
5.494887 349.175
5.504887 349.194
5.514887 349.125
5.524887 349.123
5.534887 349.166
5.544887 349.090
5.554887 349.077
5.564887 349.109
5.574887 349.045
5.584887 349.069
5.594887 349.115
5.604887 349.017
5.614887 349.041
5.624887 349.060
5.634887 349.039
5.644887 349.027
5.654887 349.059
5.664887 349.016
5.674887 349.020
5.684887 349.064
5.694887 349.090
5.704887 349.014
5.714887 349.019
5.724887 349.181
5.734887 330.216
5.744887 328.387
5.754887 331.615
5.764887 332.318
5.774887 331.609
5.784887 331.824
5.794887 331.878
5.804887 331.951
5.814887 330.831
5.824887 330.550
5.834887 330.943
5.844887 331.300
5.854887 331.307
5.864887 330.732
5.874887 330.281
5.884887 330.360
5.894887 330.860
5.904887 331.036
5.914887 330.684
5.924887 330.161
5.934887 330.042
5.944887 330.356
5.954887 330.517
5.964887 330.393
5.974887 330.150
5.984887 329.990
5.994887 330.059
6.004887 330.137
6.014887 330.203
6.024887 330.157
6.034887 330.029
6.044887 329.925
6.054887 329.956
6.064887 330.040
6.074887 330.006
6.084887 329.847
6.094887 329.791
6.104887 329.794
6.114887 329.848
6.124887 329.788
6.134887 329.723
6.144887 329.758
6.154887 329.814
6.164887 329.788
6.174887 329.658
6.184887 329.661
6.194887 329.667
6.204887 329.631
6.214887 329.640
6.224887 329.648
6.234887 329.641
6.244887 329.634
6.254887 329.564
6.264887 329.520
6.274887 329.574
6.284887 329.580
6.294887 329.549
6.304887 329.529
6.314887 329.496
6.324887 329.518
6.334887 329.477
6.344887 329.434
6.354887 329.544
6.364887 329.564
6.374887 329.476
6.384887 329.423
6.394887 329.312
6.404887 329.406
6.414887 329.355
6.424887 329.395
6.434887 329.559
6.444887 329.484
6.454887 329.529
6.464887 329.420
6.474887 325.026
6.484887 289.052
6.494887 291.932
6.504887 296.444
6.514887 296.458
6.524887 295.645
6.534887 295.927
6.544887 295.157
6.554887 294.914
6.564887 295.435
6.574887 294.913
6.584887 295.093
6.594887 295.446
6.604887 294.701
6.614887 294.921
6.624887 294.905
6.634887 294.469
6.644887 294.787
6.654887 294.782
6.664887 294.537
6.674887 294.812
6.684887 294.539
6.694887 294.246
6.704887 294.500
6.714887 294.388
6.724887 294.342
6.734887 294.404
6.744887 294.200
6.754887 294.224
6.764887 294.318
6.774887 294.152
6.784887 294.147
6.794887 294.174
6.804887 294.137
6.814887 294.211
6.824887 294.097
6.834887 293.996
6.844887 294.025
6.854887 294.045
6.864887 293.994
6.874887 293.991
6.884887 293.934
6.894887 293.908
6.904887 293.914
6.914887 293.852
6.924887 293.819
6.934887 293.821
6.944887 293.842
6.954887 293.879
6.964887 293.805
6.974887 293.708
6.984887 293.710
6.994887 293.745
7.004887 293.751
7.014887 293.754
7.024887 293.696
7.034887 293.662
7.044887 293.654
7.054887 293.607
7.064887 293.635
7.074887 293.688
7.084887 293.750
7.094887 293.700
7.104887 293.602
7.114887 293.548
7.124887 293.560
7.134887 293.640
7.144887 293.610
7.154887 293.609
7.164887 293.547
7.174887 293.522
7.184887 293.586
7.194887 293.543
7.204887 293.394
7.214887 293.441
7.224887 293.543
7.234887 294.034
7.244887 269.592
7.254887 264.860
7.264887 262.643
7.274887 261.236
7.284887 262.650
7.294887 262.509
7.304887 261.599
7.314887 262.574
7.324887 263.009
7.334887 262.165
7.344887 261.991
7.354887 262.659
7.364887 262.052
7.374887 261.794
7.384887 262.617
7.394887 262.008
7.404887 261.810
7.414887 262.224
7.424887 262.085
7.434887 261.801
7.444887 262.068
7.454887 262.028
7.464887 261.818
7.474887 261.967
7.484887 261.969
7.494887 261.790
7.504887 261.872
7.514887 261.960
7.524887 261.784
7.534887 261.772
7.544887 261.848
7.554887 261.756
7.564887 261.770
7.574887 261.857
7.584887 261.777
7.594887 261.705
7.604887 261.777
7.614887 261.734
7.624887 261.712
7.634887 261.727
7.644887 261.708
7.654887 261.691
7.664887 261.697
7.674887 261.673
7.684887 261.635
7.694887 261.674
7.704887 261.665
7.714887 261.652
7.724887 261.643
7.734887 261.652
7.744887 261.622
7.754887 261.662
7.764887 261.624
7.774887 261.618
7.784887 261.603
7.794887 261.602
7.804887 261.612
7.814887 261.621
7.824887 261.592
7.834887 261.587
7.844887 261.576
7.854887 261.566
7.864887 261.586
7.874887 261.559
7.884887 261.552
7.894887 261.554
7.904887 261.514
7.914887 261.531
7.924887 261.560
7.934887 261.533
7.944887 261.531
7.954887 261.509
7.964887 261.498
7.974887 261.531
7.984887 261.531
7.994887 261.535
8.004887 261.532
8.014887 261.523
8.024887 261.485
8.034887 261.474
8.044887 261.494
8.054887 261.462
8.064887 261.472
8.074887 261.494
8.084887 261.460
8.094887 261.457
8.104887 261.483
8.114887 261.469
8.124887 261.443
8.134887 261.488
8.144887 261.451
8.154887 261.549
8.164887 261.540
8.174887 261.461
8.184887 261.477
8.194887 261.460
8.204887 261.481
8.214887 261.366
8.224887 260.922
8.234887 261.005
8.244887 260.706
8.254887 260.679
8.264887 260.691
8.274887 260.411
8.284887 260.961
8.294887 0
8.304887 0
8.314887 0
8.324887 0
8.334887 0
8.344887 0
8.354887 0
8.364887 0
8.374887 0
8.384887 0
8.394887 0
8.404887 0
8.414887 0
8.424887 0
8.434887 0
8.444887 0
8.454887 0
8.464887 0
8.474887 0
8.484887 0
8.494887 0
8.504887 0
8.514887 0
8.524887 0
8.534887 0
8.544887 0
8.554887 0
