0.024297 0
0.034297 0
0.044297 0
0.054297 0
0.064297 0
0.074297 0
0.084297 0
0.094297 0
0.104297 0
0.114297 0
0.124297 0
0.134297 0
0.144297 0
0.154297 0
0.164297 0
0.174297 0
0.184297 0
0.194297 0
0.204297 0
0.214297 0
0.224297 0
0.234297 0
0.244297 0
0.254297 0
0.264297 0
0.274297 0
0.284297 0
0.294297 0
0.304297 0
0.314297 0
0.324297 0
0.334297 0
0.344297 0
0.354297 0
0.364297 0
0.374297 0
0.384297 0
0.394297 0
0.404297 0
0.414297 0
0.424297 0
0.434297 0
0.444297 0
0.454297 0
0.464297 0
0.474297 0
0.484297 0
0.494297 0
0.504297 0
0.514297 0
0.524297 0
0.534297 0
0.544297 0
0.554297 0
0.564297 0
0.574297 0
0.584297 0
0.594297 0
0.604297 0
0.614297 0
0.624297 0
0.634297 0
0.644297 0
0.654297 0
0.664297 0
0.674297 0
0.684297 0
0.694297 0
0.704297 0
0.714297 0
0.724297 0
0.734297 0
0.744297 0
0.754297 0
0.764297 0
0.774297 0
0.784297 0
0.794297 0
0.804297 0
0.814297 0
0.824297 0
0.834297 0
0.844297 0
0.854297 0
0.864297 0
0.874297 0
0.884297 0
0.894297 0
0.904297 0
0.914297 0
0.924297 0
0.934297 0
0.944297 0
0.954297 0
0.964297 0
0.974297 0
0.984297 0
0.994297 0
1.004297 0
1.014297 0
1.024297 0
1.034297 0
1.044297 0
1.054297 0
1.064297 0
1.074297 0
1.084297 0
1.094297 0
1.104297 0
1.114297 0
1.124297 0
1.134297 0
1.144297 0
1.154297 0
1.164297 0
1.174297 0
1.184297 0
1.194297 0
1.204297 0
1.214297 0
1.224297 0
1.234297 0
1.244297 0
1.254297 0
1.264297 0
1.274297 0
1.284297 0
1.294297 0
1.304297 0
1.314297 0
1.324297 0
1.334297 0
1.344297 0
1.354297 0
1.364297 0
1.374297 0
1.384297 263.347
1.394297 263.118
1.404297 262.950
1.414297 262.979
1.424297 263.143
1.434297 263.153
1.444297 262.985
1.454297 263.065
1.464297 262.901
1.474297 262.969
1.484297 262.868
1.494297 262.766
1.504297 262.806
1.514297 262.716
1.524297 262.760
1.534297 262.725
1.544297 262.732
1.554297 262.754
1.564297 262.734
1.574297 262.666
1.584297 262.624
1.594297 262.602
1.604297 262.635
1.614297 262.602
1.624297 262.620
1.634297 262.598
1.644297 262.572
1.654297 262.568
1.664297 262.566
1.674297 262.561
1.684297 262.529
1.694297 262.507
1.704297 262.541
1.714297 262.531
1.724297 262.522
1.734297 262.496
1.744297 262.476
1.754297 262.569
1.764297 262.497
1.774297 262.425
1.784297 262.407
1.794297 262.444
1.804297 262.531
1.814297 262.452
1.824297 262.363
1.834297 262.390
1.844297 262.411
1.854297 262.392
1.864297 262.399
1.874297 262.393
1.884297 262.391
1.894297 262.363
1.904297 262.348
1.914297 262.323
1.924297 262.321
1.934297 262.360
1.944297 262.274
1.954297 262.267
1.964297 262.356
1.974297 262.294
1.984297 262.256
1.994297 262.268
2.004297 262.305
2.014297 262.284
2.024297 262.244
2.034297 262.233
2.044297 262.252
2.054297 262.244
2.064297 262.168
2.074297 262.253
2.084297 262.305
2.094297 262.215
2.104297 262.193
2.114297 262.201
2.124297 262.190
2.134297 262.196
2.144297 262.184
2.154297 262.188
2.164297 262.187
2.174297 262.177
2.184297 262.142
2.194297 262.195
2.204297 262.190
2.214297 262.157
2.224297 262.155
2.234297 262.180
2.244297 262.163
2.254297 262.171
2.264297 262.163
2.274297 262.148
2.284297 262.172
2.294297 262.232
2.304297 262.200
2.314297 262.159
2.324297 262.136
2.334297 262.192
2.344297 262.210
2.354297 262.182
2.364297 262.203
2.374297 262.262
2.384297 262.215
2.394297 262.240
2.404297 262.290
2.414297 262.220
2.424297 262.245
2.434297 262.317
2.444297 262.327
2.454297 262.224
2.464297 262.203
2.474297 262.278
2.484297 262.378
2.494297 262.389
2.504297 262.320
2.514297 262.303
2.524297 262.379
2.534297 262.320
2.544297 262.303
2.554297 262.350
2.564297 262.418
2.574297 262.384
2.584297 262.297
2.594297 262.381
2.604297 262.414
2.614297 262.380
2.624297 262.410
2.634297 262.388
2.644297 262.405
2.654297 262.403
2.664297 262.442
2.674297 262.474
2.684297 262.436
2.694297 262.440
2.704297 262.436
2.714297 262.433
2.724297 262.458
2.734297 262.404
2.744297 262.400
2.754297 262.495
2.764297 262.546
2.774297 262.469
2.784297 262.497
2.794297 262.481
2.804297 263.958
2.814297 261.142
2.824297 261.329
2.834297 261.976
2.844297 175.144
2.854297 131.457
2.864297 131.216
2.874297 131.229
2.884297 131.295
2.894297 131.292
2.904297 131.015
2.914297 131.101
2.924297 131.211
2.934297 131.192
2.944297 131.228
2.954297 131.076
2.964297 131.222
2.974297 131.160
2.984297 130.998
2.994297 131.095
3.004297 131.081
3.014297 131.043
3.024297 131.213
3.034297 131.110
3.044297 131.015
3.054297 131.027
3.064297 131.047
3.074297 131.057
3.084297 130.979
3.094297 130.979
3.104297 131.021
3.114297 130.905
3.124297 131.008
3.134297 130.999
3.144297 130.856
3.154297 131.034
3.164297 130.852
3.174297 130.933
3.184297 131.104
3.194297 130.821
3.204297 130.989
3.214297 131.143
3.224297 130.821
3.234297 130.831
3.244297 130.949
3.254297 130.812
3.264297 130.963
3.274297 130.810
3.284297 130.780
3.294297 130.902
3.304297 130.633
3.314297 130.999
3.324297 131.020
3.334297 130.581
3.344297 130.985
3.354297 130.877
3.364297 130.971
3.374297 131.074
3.384297 130.845
3.394297 131.027
3.404297 131.050
3.414297 130.992
3.424297 131.058
3.434297 131.044
3.444297 131.130
3.454297 131.223
3.464297 131.022
3.474297 131.094
3.484297 131.112
3.494297 131.135
3.504297 131.170
3.514297 131.117
3.524297 131.076
3.534297 131.181
3.544297 130.957
3.554297 131.037
3.564297 131.040
3.574297 131.076
3.584297 131.111
3.594297 131.085
3.604297 131.178
3.614297 131.108
3.624297 130.993
3.634297 131.084
3.644297 131.001
3.654297 130.979
3.664297 131.158
3.674297 131.113
3.684297 131.036
3.694297 131.070
3.704297 131.044
3.714297 131.190
3.724297 131.067
3.734297 131.026
3.744297 131.058
3.754297 130.980
3.764297 131.065
3.774297 131.074
3.784297 131.097
3.794297 131.089
3.804297 131.064
3.814297 131.202
3.824297 131.204
3.834297 131.131
3.844297 131.151
3.854297 131.094
3.864297 131.104
3.874297 130.999
3.884297 131.057
3.894297 131.045
3.904297 131.029
3.914297 131.052
3.924297 131.089
3.934297 130.965
3.944297 131.076
3.954297 131.043
3.964297 130.959
3.974297 130.932
3.984297 130.946
3.994297 130.958
4.004297 130.989
4.014297 130.896
4.024297 131.028
4.034297 131.052
4.044297 130.925
4.054297 130.963
4.064297 130.985
4.074297 130.992
4.084297 130.985
4.094297 130.978
4.104297 131.046
4.114297 130.955
4.124297 131.100
4.134297 131.101
4.144297 130.950
4.154297 131.040
4.164297 131.061
4.174297 130.970
4.184297 131.099
4.194297 131.032
4.204297 131.007
4.214297 131.040
4.224297 131.061
4.234297 131.143
4.244297 131.103
4.254297 131.076
4.264297 131.145
4.274297 131.112
4.284297 131.185
4.294297 131.159
4.304297 131.055
4.314297 131.120
4.324297 131.063
4.334297 131.115
4.344297 131.220
4.354297 131.111
4.364297 131.142
4.374297 131.216
4.384297 130.962
4.394297 131.098
4.404297 131.110
4.414297 131.058
4.424297 131.123
4.434297 130.955
4.444297 131.105
4.454297 131.131
4.464297 131.045
4.474297 131.072
4.484297 131.018
4.494297 131.041
4.504297 131.130
4.514297 131.073
4.524297 131.024
4.534297 131.051
4.544297 130.988
4.554297 130.990
4.564297 131.098
4.574297 131.083
4.584297 131.138
4.594297 131.069
4.604297 131.051
4.614297 131.059
4.624297 131.029
4.634297 131.125
4.644297 131.107
4.654297 131.063
4.664297 131.206
4.674297 131.168
4.684297 131.121
4.694297 131.218
4.704297 131.084
4.714297 131.026
4.724297 131.232
4.734297 131.127
4.744297 131.051
4.754297 131.169
4.764297 131.190
4.774297 131.188
4.784297 131.024
4.794297 131.192
4.804297 131.230
4.814297 131.025
4.824297 131.067
4.834297 131.080
4.844297 131.228
4.854297 131.237
4.864297 131.068
4.874297 131.119
4.884297 131.149
4.894297 131.002
4.904297 131.175
4.914297 131.147
4.924297 131.078
4.934297 131.201
4.944297 131.133
4.954297 131.141
4.964297 131.149
4.974297 130.995
4.984297 131.160
4.994297 131.078
5.004297 131.012
5.014297 131.237
5.024297 131.085
5.034297 131.157
5.044297 131.239
5.054297 131.041
5.064297 131.157
5.074297 131.118
5.084297 131.005
5.094297 131.163
5.104297 131.177
5.114297 131.109
5.124297 131.085
5.134297 131.084
5.144297 131.227
5.154297 131.017
5.164297 131.009
5.174297 131.105
5.184297 130.964
5.194297 131.153
5.204297 131.128
5.214297 130.999
5.224297 131.102
5.234297 130.981
5.244297 131.050
5.254297 131.099
5.264297 130.967
5.274297 131.014
5.284297 130.947
5.294297 130.925
5.304297 131.213
5.314297 130.857
5.324297 131.003
5.334297 131.128
5.344297 130.902
5.354297 131.024
5.364297 130.995
5.374297 131.035
5.384297 131.165
5.394297 131.020
5.404297 131.084
5.414297 0
5.424297 0
5.434297 0
5.444297 0
5.454297 0
5.464297 0
5.474297 0
5.484297 0
5.494297 0
5.504297 0
5.514297 0
5.524297 0
5.534297 0
5.544297 0
5.554297 0
5.564297 0
5.574297 0
5.584297 0
5.594297 0
5.604297 0
5.614297 0
5.624297 0
5.634297 0
5.644297 0
5.654297 0
5.664297 0
5.674297 0
5.684297 0
5.694297 0
5.704297 0
5.714297 0
5.724297 0
5.734297 0
5.744297 0
5.754297 0
5.764297 0
5.774297 0
5.784297 0
5.794297 0
5.804297 0
5.814297 0
5.824297 0
5.834297 0
5.844297 0
5.854297 0
5.864297 0
5.874297 0
5.884297 0
5.894297 0
5.904297 0
5.914297 0
5.924297 0
5.934297 0
5.944297 0
5.954297 0
5.964297 0
5.974297 0
5.984297 0
5.994297 0
6.004297 0
6.014297 0
6.024297 0
6.034297 0
6.044297 0
6.054297 0
6.064297 0
6.074297 0
6.084297 0
6.094297 262.792
6.104297 262.608
6.114297 262.488
6.124297 262.588
6.134297 262.517
6.144297 262.660
6.154297 262.512
6.164297 262.381
6.174297 262.597
6.184297 262.407
6.194297 262.542
6.204297 262.324
6.214297 262.295
6.224297 262.338
6.234297 262.323
6.244297 262.314
6.254297 262.282
6.264297 262.288
6.274297 262.312
6.284297 262.310
6.294297 262.282
6.304297 262.319
6.314297 262.253
6.324297 262.261
6.334297 262.238
6.344297 262.268
6.354297 262.311
6.364297 262.280
6.374297 262.250
6.384297 262.238
6.394297 262.242
6.404297 262.249
6.414297 262.239
6.424297 262.248
6.434297 262.248
6.444297 262.209
6.454297 262.176
6.464297 262.167
6.474297 262.196
6.484297 262.175
6.494297 262.198
6.504297 262.187
6.514297 262.177
6.524297 262.111
6.534297 262.169
6.544297 262.194
6.554297 262.105
6.564297 262.120
6.574297 262.137
6.584297 262.125
6.594297 262.135
6.604297 262.120
6.614297 262.083
6.624297 262.078
6.634297 262.155
6.644297 262.110
6.654297 262.207
6.664297 273.151
6.674297 292.425
6.684297 293.100
6.694297 293.341
6.704297 295.000
6.714297 293.974
6.724297 293.395
6.734297 294.897
6.744297 294.360
6.754297 293.863
6.764297 294.586
6.774297 294.131
6.784297 293.929
6.794297 294.419
6.804297 294.289
6.814297 294.087
6.824297 294.385
6.834297 294.366
6.844297 294.213
6.854297 294.319
6.864297 294.361
6.874297 294.233
6.884297 294.318
6.894297 294.348
6.904297 294.173
6.914297 294.287
6.924297 294.353
6.934297 294.248
6.944297 294.220
6.954297 294.241
6.964297 294.206
6.974297 294.236
6.984297 294.294
6.994297 294.117
7.004297 294.137
7.014297 294.245
7.024297 294.143
7.034297 294.098
7.044297 294.247
7.054297 294.212
7.064297 294.117
7.074297 294.172
7.084297 294.099
7.094297 294.042
7.104297 294.247
7.114297 294.103
7.124297 294.060
7.134297 294.176
7.144297 294.154
7.154297 294.041
7.164297 294.177
7.174297 294.185
7.184297 294.008
7.194297 294.100
7.204297 294.118
7.214297 297.979
7.224297 320.823
7.234297 326.701
7.244297 330.692
7.254297 328.637
7.264297 328.788
7.274297 331.467
7.284297 329.340
7.294297 330.239
7.304297 330.417
7.314297 328.972
7.324297 330.680
7.334297 330.231
7.344297 329.772
7.354297 330.793
7.364297 330.012
7.374297 330.170
7.384297 330.730
7.394297 330.022
7.404297 330.402
7.414297 330.513
7.424297 330.038
7.434297 330.577
7.444297 330.306
7.454297 330.005
7.464297 330.540
7.474297 330.228
7.484297 330.268
7.494297 330.499
7.504297 330.134
7.514297 330.328
7.524297 330.359
7.534297 330.117
7.544297 330.353
7.554297 330.247
7.564297 330.164
7.574297 330.404
7.584297 330.238
7.594297 330.278
7.604297 330.324
7.614297 330.126
7.624297 330.236
7.634297 330.224
7.644297 330.185
7.654297 330.297
7.664297 330.163
7.674297 330.192
7.684297 330.341
7.694297 330.194
7.704297 330.247
7.714297 330.266
7.724297 330.263
7.734297 340.945
7.744297 348.728
7.754297 347.101
7.764297 347.720
7.774297 348.096
7.784297 348.193
7.794297 349.927
7.804297 349.435
7.814297 348.981
7.824297 348.385
7.834297 348.580
7.844297 349.639
7.854297 349.735
7.864297 349.798
7.874297 349.703
7.884297 349.714
7.894297 349.841
7.904297 349.789
7.914297 349.565
7.924297 349.422
7.934297 349.462
7.944297 349.566
7.954297 349.770
7.964297 349.707
7.974297 349.433
7.984297 349.416
7.994297 349.679
8.004297 349.788
8.014297 349.562
8.024297 349.373
8.034297 349.549
8.044297 349.577
8.054297 349.375
8.064297 349.504
8.074297 349.540
8.084297 349.424
8.094297 349.461
8.104297 349.610
8.114297 349.509
8.124297 349.426
8.134297 349.522
8.144297 349.474
8.154297 349.553
8.164297 349.400
8.174297 349.254
8.184297 349.510
8.194297 349.558
8.204297 349.401
8.214297 349.523
8.224297 349.620
8.234297 349.379
8.244297 349.704
8.254297 380.237
8.264297 388.796
8.274297 390.537
8.284297 392.421
8.294297 388.391
8.304297 392.480
8.314297 389.485
8.324297 391.627
8.334297 391.811
8.344297 390.415
8.354297 393.044
8.364297 391.244
8.374297 393.318
8.384297 392.015
8.394297 392.757
8.404297 392.584
8.414297 392.127
8.424297 392.966
8.434297 392.081
8.444297 392.938
8.454297 392.408
8.464297 392.706
8.474297 392.571
8.484297 392.400
8.494297 392.828
8.504297 392.411
8.514297 392.677
8.524297 392.430
8.534297 392.653
8.544297 392.613
8.554297 392.534
8.564297 392.571
8.574297 392.413
8.584297 392.581
8.594297 392.443
8.604297 392.625
8.614297 392.495
8.624297 392.398
8.634297 392.512
8.644297 392.617
8.654297 392.561
8.664297 392.383
8.674297 392.406
8.684297 392.507
8.694297 392.506
8.704297 392.462
8.714297 392.326
8.724297 392.358
8.734297 392.464
8.744297 392.582
8.754297 392.583
8.764297 392.162
8.774297 392.426
8.784297 392.567
8.794297 420.971
8.804297 435.197
8.814297 437.621
8.824297 439.632
8.834297 439.873
8.844297 438.568
8.854297 440.706
8.864297 439.708
8.874297 440.762
8.884297 439.950
8.894297 440.911
8.904297 439.930
8.914297 440.860
8.924297 439.917
8.934297 440.843
8.944297 440.063
8.954297 440.717
8.964297 440.267
8.974297 440.583
8.984297 440.172
8.994297 440.666
9.004297 440.307
9.014297 440.463
9.024297 440.329
9.034297 440.362
9.044297 440.314
9.054297 440.299
9.064297 440.196
9.074297 440.355
9.084297 440.414
9.094297 440.261
9.104297 440.308
9.114297 440.258
9.124297 440.291
9.134297 440.184
9.144297 440.309
9.154297 440.211
9.164297 440.321
9.174297 440.188
9.184297 440.344
9.194297 440.329
9.204297 440.300
9.214297 440.166
9.224297 440.085
9.234297 440.157
9.244297 440.208
9.254297 440.208
9.264297 440.255
9.274297 440.222
9.284297 440.226
9.294297 440.216
9.304297 440.238
9.314297 440.234
9.324297 472.050
9.334297 486.814
9.344297 490.048
9.354297 494.507
9.364297 494.464
9.374297 495.435
9.384297 494.344
9.394297 494.386
9.404297 495.611
9.414297 494.232
9.424297 494.750
9.434297 494.383
9.444297 494.896
9.454297 494.614
9.464297 495.110
9.474297 494.692
9.484297 494.885
9.494297 494.606
9.504297 494.567
9.514297 494.493
9.524297 494.763
9.534297 494.852
9.544297 494.790
9.554297 494.817
9.564297 494.683
9.574297 494.688
9.584297 494.520
9.594297 494.667
9.604297 494.392
9.614297 494.631
9.624297 494.488
9.634297 494.548
9.644297 494.413
9.654297 494.378
9.664297 494.281
9.674297 494.172
9.684297 494.379
9.694297 494.295
9.704297 494.250
9.714297 494.181
9.724297 494.216
9.734297 494.268
9.744297 494.182
9.754297 494.371
9.764297 494.384
9.774297 494.429
9.784297 494.373
9.794297 494.319
9.804297 494.571
9.814297 494.492
9.824297 494.531
9.834297 494.639
9.844297 494.551
9.854297 494.562
9.864297 494.604
9.874297 494.856
9.884297 512.958
9.894297 521.201
9.904297 522.408
9.914297 524.631
9.924297 524.868
9.934297 525.572
9.944297 525.999
9.954297 524.966
9.964297 525.744
9.974297 525.434
9.984297 524.892
9.994297 524.524
10.004297 525.049
10.014297 525.194
10.024297 524.731
10.034297 524.793
10.044297 524.964
10.054297 524.600
10.064297 524.373
10.074297 524.731
10.084297 524.809
10.094297 524.521
10.104297 524.582
10.114297 524.727
10.124297 524.517
10.134297 524.342
10.144297 524.499
10.154297 524.436
10.164297 524.284
10.174297 524.242
10.184297 524.161
10.194297 524.107
10.204297 524.064
10.214297 523.984
10.224297 524.079
10.234297 523.987
10.244297 524.103
10.254297 524.075
10.264297 523.935
10.274297 523.858
10.284297 524.185
10.294297 524.025
10.304297 523.953
10.314297 524.193
10.324297 524.212
10.334297 524.173
10.344297 524.189
10.354297 524.365
10.364297 524.470
10.374297 524.422
10.384297 524.523
10.394297 524.673
10.404297 524.549
10.414297 524.796
10.424297 524.789
10.434297 517.520
10.444297 493.729
10.454297 492.107
10.464297 493.256
10.474297 496.044
10.484297 496.416
10.494297 495.345
10.504297 495.211
10.514297 496.450
10.524297 495.636
10.534297 494.680
10.544297 495.275
10.554297 495.168
10.564297 495.105
10.574297 495.105
10.584297 495.322
10.594297 494.912
10.604297 494.801
10.614297 494.901
10.624297 494.766
10.634297 494.687
10.644297 494.939
10.654297 495.022
10.664297 494.823
10.674297 494.944
10.684297 494.900
10.694297 494.699
10.704297 494.595
10.714297 494.705
10.724297 494.508
10.734297 494.555
10.744297 494.566
10.754297 494.616
10.764297 494.464
10.774297 494.323
10.784297 494.343
10.794297 494.299
10.804297 494.320
10.814297 494.259
10.824297 494.374
10.834297 494.281
10.844297 494.345
10.854297 494.205
10.864297 494.436
10.874297 494.572
10.884297 494.296
10.894297 494.446
10.904297 494.449
10.914297 494.572
10.924297 494.593
10.934297 494.528
10.944297 494.656
10.954297 494.618
10.964297 494.586
10.974297 494.207
10.984297 452.737
10.994297 437.574
11.004297 442.034
11.014297 442.739
11.024297 441.711
11.034297 440.191
11.044297 441.216
11.054297 440.714
11.064297 440.868
11.074297 440.624
11.084297 440.814
11.094297 440.547
11.104297 440.607
11.114297 440.432
11.124297 440.634
11.134297 440.537
11.144297 440.434
11.154297 440.382
11.164297 440.315
11.174297 440.414
11.184297 440.450
11.194297 440.418
11.204297 440.343
11.214297 440.384
11.224297 440.280
11.234297 440.365
11.244297 440.335
11.254297 440.217
11.264297 440.304
11.274297 440.368
11.284297 440.297
11.294297 440.231
11.304297 440.271
11.314297 440.304
11.324297 440.230
11.334297 440.126
11.344297 440.181
11.354297 440.287
11.364297 440.254
11.374297 440.220
11.384297 440.324
11.394297 440.369
11.404297 440.193
11.414297 440.007
11.424297 440.059
11.434297 440.168
11.444297 440.244
11.454297 440.293
11.464297 440.195
11.474297 440.204
11.484297 440.145
11.494297 440.274
11.504297 440.150
11.514297 425.970
11.524297 396.042
11.534297 393.716
11.544297 394.696
11.554297 392.805
11.564297 393.315
11.574297 392.252
11.584297 392.926
11.594297 392.351
11.604297 392.538
11.614297 392.241
11.624297 392.888
11.634297 392.869
11.644297 392.908
11.654297 392.779
11.664297 392.724
11.674297 392.616
11.684297 392.623
11.694297 392.575
11.704297 392.601
11.714297 392.623
11.724297 392.771
11.734297 392.625
11.744297 392.520
11.754297 392.546
11.764297 392.560
11.774297 392.602
11.784297 392.548
11.794297 392.478
11.804297 392.508
11.814297 392.553
11.824297 392.607
11.834297 392.566
11.844297 392.476
11.854297 392.516
11.864297 392.360
11.874297 392.603
11.884297 392.544
11.894297 392.581
11.904297 392.391
11.914297 392.445
11.924297 392.574
11.934297 392.467
11.944297 392.450
11.954297 392.379
11.964297 392.436
11.974297 392.381
11.984297 392.492
11.994297 392.451
12.004297 392.449
12.014297 392.628
12.024297 392.687
12.034297 361.001
12.044297 355.189
12.054297 353.201
12.064297 349.932
12.074297 351.421
12.084297 349.203
12.094297 350.819
12.104297 349.483
12.114297 350.023
12.124297 349.972
12.134297 349.053
12.144297 350.185
12.154297 349.482
12.164297 350.256
12.174297 349.732
12.184297 349.990
12.194297 349.934
12.204297 349.553
12.214297 349.859
12.224297 349.447
12.234297 349.547
12.244297 349.648
12.254297 349.695
12.264297 349.712
12.274297 349.641
12.284297 349.817
12.294297 349.524
12.304297 349.515
12.314297 349.642
12.324297 349.558
12.334297 349.596
12.344297 349.324
12.354297 349.475
12.364297 349.772
12.374297 349.599
12.384297 349.483
12.394297 349.620
12.404297 349.471
12.414297 349.422
12.424297 349.636
12.434297 349.491
12.444297 349.401
12.454297 349.440
12.464297 349.541
12.474297 349.496
12.484297 349.410
12.494297 349.476
12.504297 349.434
12.514297 349.504
12.524297 349.592
12.534297 349.623
12.544297 349.209
12.554297 349.367
12.564297 349.210
12.574297 339.445
12.584297 335.524
12.594297 334.625
12.604297 334.690
12.614297 333.293
12.624297 330.608
12.634297 331.031
12.644297 331.820
12.654297 331.664
12.664297 331.239
12.674297 330.066
12.684297 329.969
12.694297 330.640
12.704297 331.100
12.714297 330.910
12.724297 330.206
12.734297 330.009
12.744297 330.346
12.754297 330.620
12.764297 330.588
12.774297 330.266
12.784297 330.123
12.794297 330.327
12.804297 330.414
12.814297 330.412
12.824297 330.283
12.834297 330.175
12.844297 330.266
12.854297 330.274
12.864297 330.342
12.874297 330.338
12.884297 330.222
12.894297 330.224
12.904297 330.236
12.914297 330.176
12.924297 330.248
12.934297 330.200
12.944297 330.207
12.954297 330.205
12.964297 330.279
12.974297 330.195
12.984297 330.204
12.994297 330.295
13.004297 330.167
13.014297 330.178
13.024297 330.283
13.034297 330.224
13.044297 330.084
13.054297 330.118
13.064297 330.238
13.074297 330.191
13.084297 330.153
13.094297 330.276
13.104297 330.108
13.114297 330.181
13.124297 306.889
13.134297 296.859
13.144297 297.409
13.154297 295.583
13.164297 294.331
13.174297 295.087
13.184297 294.427
13.194297 294.335
13.204297 294.910
13.214297 294.410
13.224297 294.204
13.234297 294.471
13.244297 294.057
13.254297 294.201
13.264297 294.391
13.274297 294.140
13.284297 294.348
13.294297 294.360
13.304297 294.178
13.314297 294.284
13.324297 294.236
13.334297 294.150
13.344297 294.362
13.354297 294.166
13.364297 294.180
13.374297 294.275
13.384297 294.205
13.394297 294.263
13.404297 294.191
13.414297 294.129
13.424297 294.212
13.434297 294.167
13.444297 294.116
13.454297 294.191
13.464297 294.155
13.474297 294.116
13.484297 294.125
13.494297 294.061
13.504297 294.110
13.514297 294.139
13.524297 294.101
13.534297 294.158
13.544297 294.104
13.554297 294.166
13.564297 294.088
13.574297 294.088
13.584297 294.124
13.594297 294.096
13.604297 294.056
13.614297 294.119
13.624297 294.045
13.634297 294.040
13.644297 294.029
13.654297 294.058
13.664297 294.059
13.674297 293.959
13.684297 294.062
13.694297 294.168
13.704297 294.122
13.714297 294.040
13.724297 293.954
13.734297 293.964
13.744297 294.052
13.754297 294.096
13.764297 294.053
13.774297 294.027
13.784297 292.756
13.794297 275.320
13.804297 266.508
13.814297 265.751
13.824297 264.120
13.834297 263.509
13.844297 263.350
13.854297 262.655
13.864297 263.228
13.874297 262.967
13.884297 262.189
13.894297 262.365
13.904297 262.484
13.914297 262.034
13.924297 262.165
13.934297 262.496
13.944297 262.019
13.954297 262.107
13.964297 262.410
13.974297 262.080
13.984297 262.055
13.994297 262.358
14.004297 262.112
14.014297 262.019
14.024297 262.164
14.034297 262.064
14.044297 262.020
14.054297 262.234
14.064297 262.139
14.074297 261.965
14.084297 262.207
14.094297 262.170
14.104297 261.930
14.114297 262.043
14.124297 262.106
14.134297 262.004
14.144297 262.076
14.154297 262.182
14.164297 261.984
14.174297 261.957
14.184297 262.102
14.194297 262.006
14.204297 261.989
14.214297 262.104
14.224297 262.021
14.234297 261.975
14.244297 262.037
14.254297 261.981
14.264297 261.989
14.274297 262.053
14.284297 261.970
14.294297 261.962
14.304297 261.984
14.314297 261.914
14.324297 261.986
14.334297 261.994
14.344297 261.987
14.354297 261.992
14.364297 261.957
14.374297 261.959
14.384297 261.928
14.394297 261.892
14.404297 262.012
14.414297 262.050
14.424297 262.073
14.434297 261.825
14.444297 261.809
14.454297 261.944
14.464297 261.909
14.474297 262.001
14.484297 261.991
14.494297 261.933
14.504297 261.942
14.514297 261.836
14.524297 261.885
14.534297 261.990
14.544297 261.890
14.554297 261.856
14.564297 261.978
14.574297 261.986
14.584297 261.810
14.594297 261.802
14.604297 261.969
14.614297 261.962
14.624297 261.749
14.634297 261.883
14.644297 261.940
14.654297 261.872
14.664297 261.899
14.674297 261.872
14.684297 261.871
14.694297 261.895
14.704297 261.857
14.714297 261.869
14.724297 261.948
14.734297 261.847
14.744297 261.761
14.754297 261.873
14.764297 261.786
14.774297 261.785
14.784297 261.878
14.794297 261.824
14.804297 261.861
14.814297 261.846
14.824297 261.893
14.834297 261.763
14.844297 261.811
14.854297 261.871
14.864297 261.771
14.874297 261.834
14.884297 261.841
14.894297 261.775
14.904297 261.851
14.914297 261.873
14.924297 261.900
14.934297 261.707
14.944297 261.707
14.954297 261.831
14.964297 0
14.974297 0
14.984297 0
14.994297 0
15.004297 0
15.014297 0
15.024297 0
15.034297 0
15.044297 0
15.054297 0
15.064297 0
15.074297 0
15.084297 0
15.094297 0
15.104297 0
15.114297 0
15.124297 0
15.134297 0
15.144297 0
15.154297 0
15.164297 0
15.174297 0
15.184297 0
15.194297 0
15.204297 0
15.214297 0
15.224297 0
15.234297 0
15.244297 0
15.254297 0
15.264297 0
15.274297 0
15.284297 0
15.294297 0
15.304297 0
15.314297 0
15.324297 0
15.334297 0
15.344297 0
15.354297 0
15.364297 0
15.374297 0
15.384297 0
15.394297 0
15.404297 0
15.414297 0
15.424297 0
15.434297 0
15.444297 0
15.454297 0
15.464297 0
15.474297 0
15.484297 0
15.494297 0
15.504297 0
15.514297 0
15.524297 0
15.534297 0
15.544297 0
15.554297 0
15.564297 0
15.574297 0
15.584297 0
15.594297 0
15.604297 0
15.614297 0
15.624297 0
15.634297 0
15.644297 0
15.654297 0
15.664297 0
15.674297 0
15.684297 0
15.694297 0
15.704297 0
15.714297 0
15.724297 0
15.734297 0
15.744297 0
15.754297 0
15.764297 0
15.774297 0
15.784297 0
15.794297 0
15.804297 0
15.814297 0
15.824297 0
15.834297 0
15.844297 0
15.854297 0
15.864297 0
15.874297 0
15.884297 0
15.894297 0
15.904297 0
15.914297 0
15.924297 0
15.934297 0
15.944297 0
15.954297 0
15.964297 0
15.974297 0
15.984297 0
15.994297 0
16.004297 0
16.014297 0
16.024297 0
16.034297 0
16.044297 0
16.054297 0
16.064297 0
16.074297 0
16.084297 0
16.094297 0
16.104297 0
16.114297 0
16.124297 0
16.134297 0
16.144297 0
16.154297 0
16.164297 0
16.174297 0
16.184297 0
16.194297 0
16.204297 0
16.214297 0
16.224297 0
16.234297 0
16.244297 0
16.254297 0
16.264297 0
16.274297 0
16.284297 0
16.294297 0
16.304297 0
16.314297 0
16.324297 0
16.334297 0
16.344297 0
16.354297 0
16.364297 0
16.374297 0
16.384297 0
16.394297 0
16.404297 0
16.414297 0
16.424297 0
16.434297 0
16.444297 0
16.454297 0
16.464297 0
16.474297 0
16.484297 0
16.494297 0
16.504297 0
16.514297 0
16.524297 0
16.534297 0
16.544297 0
16.554297 0
16.564297 0
16.574297 0
16.584297 0
16.594297 0
16.604297 0
16.614297 0
16.624297 0
16.634297 0
16.644297 0
16.654297 0
16.664297 0
16.674297 0
16.684297 0
16.694297 263.545
16.704297 262.955
16.714297 262.845
16.724297 262.785
16.734297 262.938
16.744297 262.981
16.754297 262.792
16.764297 262.833
16.774297 262.857
16.784297 262.746
16.794297 262.734
16.804297 262.575
16.814297 262.632
16.824297 262.583
16.834297 262.522
16.844297 262.551
16.854297 262.599
16.864297 262.548
16.874297 262.560
16.884297 262.591
16.894297 262.520
16.904297 262.516
16.914297 262.501
16.924297 262.548
16.934297 262.504
16.944297 262.481
16.954297 262.511
16.964297 262.490
16.974297 262.416
16.984297 262.444
16.994297 262.480
17.004297 262.458
17.014297 262.446
17.024297 262.417
17.034297 262.449
17.044297 262.480
17.054297 262.414
17.064297 262.461
17.074297 262.445
17.084297 262.383
17.094297 262.369
17.104297 262.343
17.114297 262.381
17.124297 262.371
17.134297 262.358
17.144297 262.356
17.154297 262.299
17.164297 262.384
17.174297 262.288
17.184297 262.242
17.194297 262.262
17.204297 262.287
17.214297 262.224
17.224297 262.241
17.234297 262.258
17.244297 262.199
17.254297 262.238
17.264297 262.309
17.274297 262.251
17.284297 262.250
17.294297 262.275
17.304297 262.196
17.314297 262.186
17.324297 262.205
17.334297 262.216
17.344297 262.179
17.354297 262.165
17.364297 262.168
17.374297 262.226
17.384297 262.196
17.394297 262.174
17.404297 262.156
17.414297 262.181
17.424297 262.173
17.434297 262.105
17.444297 262.135
17.454297 262.177
17.464297 262.140
17.474297 262.151
17.484297 262.075
17.494297 262.080
17.504297 262.127
17.514297 262.133
17.524297 262.075
17.534297 262.118
17.544297 262.089
17.554297 262.112
17.564297 262.061
17.574297 262.054
17.584297 262.026
17.594297 262.086
17.604297 262.089
17.614297 262.089
17.624297 262.140
17.634297 262.066
17.644297 262.040
17.654297 262.115
17.664297 262.150
17.674297 262.095
17.684297 262.093
17.694297 262.122
17.704297 262.098
17.714297 262.133
17.724297 262.169
17.734297 262.110
17.744297 262.068
17.754297 262.181
17.764297 262.127
17.774297 262.080
17.784297 262.156
17.794297 262.110
17.804297 262.144
17.814297 262.262
17.824297 262.218
17.834297 262.136
17.844297 262.198
17.854297 262.178
17.864297 262.126
17.874297 262.210
17.884297 262.164
17.894297 262.164
17.904297 262.180
17.914297 262.241
17.924297 262.170
17.934297 262.168
17.944297 262.223
17.954297 262.196
17.964297 262.290
17.974297 262.221
17.984297 262.166
17.994297 262.227
18.004297 262.160
18.014297 262.237
18.024297 261.095
18.034297 260.244
18.044297 260.788
18.054297 261.751
18.064297 131.253
18.074297 131.256
18.084297 130.883
18.094297 131.274
18.104297 103.187
18.114297 102.870
18.124297 103.071
18.134297 102.764
18.144297 102.968
18.154297 102.757
18.164297 102.784
18.174297 102.830
18.184297 103.048
18.194297 102.654
18.204297 76.961
18.214297 76.872
18.224297 77.063
18.234297 77.030
18.244297 77.237
18.254297 77.019
18.264297 77.160
18.274297 77.073
18.284297 77.241
18.294297 77.144
18.304297 77.357
18.314297 77.235
18.324297 77.478
18.334297 77.253
18.344297 77.491
18.354297 77.404
18.364297 77.609
18.374297 77.435
18.384297 77.680
18.394297 77.615
18.404297 77.927
18.414297 77.806
18.424297 77.942
18.434297 77.823
18.444297 78.103
18.454297 77.940
18.464297 78.123
18.474297 78.083
18.484297 78.248
18.494297 78.125
18.504297 78.311
18.514297 78.074
18.524297 78.344
18.534297 78.181
18.544297 78.279
18.554297 78.163
18.564297 78.360
18.574297 78.206
18.584297 78.341
18.594297 78.072
18.604297 78.210
18.614297 78.014
18.624297 78.222
18.634297 78.021
18.644297 78.173
18.654297 131.442
18.664297 131.103
18.674297 131.521
18.684297 131.115
18.694297 131.347
18.704297 131.116
18.714297 131.377
18.724297 131.058
18.734297 131.329
18.744297 131.047
18.754297 131.301
18.764297 131.047
18.774297 131.238
18.784297 131.065
18.794297 131.355
18.804297 130.960
18.814297 131.273
18.824297 131.106
18.834297 131.266
18.844297 130.975
18.854297 131.198
18.864297 131.006
18.874297 131.239
18.884297 131.015
18.894297 131.274
18.904297 130.998
18.914297 131.131
18.924297 130.913
18.934297 131.123
18.944297 130.863
18.954297 131.188
18.964297 131.004
18.974297 131.057
18.984297 130.886
18.994297 131.111
19.004297 130.896
19.014297 130.993
19.024297 130.941
19.034297 131.107
19.044297 130.953
19.054297 130.996
19.064297 130.929
19.074297 131.057
19.084297 130.930
19.094297 131.015
19.104297 130.793
19.114297 130.912
19.124297 130.936
19.134297 131.028
19.144297 130.922
19.154297 130.997
19.164297 130.981
19.174297 130.981
19.184297 130.849
19.194297 130.942
19.204297 130.960
19.214297 131.008
19.224297 130.849
19.234297 130.950
19.244297 130.936
19.254297 130.923
19.264297 130.915
19.274297 130.924
19.284297 130.912
19.294297 130.903
19.304297 131.003
19.314297 130.979
19.324297 130.983
19.334297 130.929
19.344297 130.958
19.354297 130.959
19.364297 130.949
19.374297 130.911
19.384297 131.013
19.394297 130.970
19.404297 131.036
19.414297 131.098
19.424297 130.996
19.434297 130.953
19.444297 131.076
19.454297 131.019
19.464297 131.029
19.474297 130.871
19.484297 131.117
19.494297 131.071
19.504297 131.208
19.514297 131.010
19.524297 131.199
19.534297 130.936
19.544297 131.187
19.554297 131.033
19.564297 131.190
19.574297 130.951
19.584297 131.151
19.594297 130.937
19.604297 131.227
19.614297 131.016
19.624297 131.146
19.634297 130.857
19.644297 131.099
19.654297 130.954
19.664297 131.115
19.674297 130.909
19.684297 131.099
19.694297 130.949
19.704297 131.127
19.714297 130.988
19.724297 131.034
19.734297 130.894
19.744297 131.162
19.754297 130.948
19.764297 131.014
19.774297 130.949
19.784297 131.060
19.794297 130.983
19.804297 131.093
19.814297 130.880
19.824297 131.156
19.834297 130.817
19.844297 131.029
19.854297 130.941
19.864297 131.114
19.874297 130.891
19.884297 131.169
19.894297 130.885
19.904297 131.159
19.914297 130.919
19.924297 131.065
19.934297 130.864
19.944297 131.152
19.954297 130.732
19.964297 131.144
19.974297 130.769
19.984297 131.101
19.994297 130.739
20.004297 131.080
20.014297 130.672
20.024297 130.888
20.034297 130.416
20.044297 130.759
20.054297 130.335
20.064297 130.867
20.074297 130.404
20.084297 130.780
20.094297 130.437
20.104297 130.887
20.114297 130.382
20.124297 130.842
20.134297 130.405
20.144297 130.918
20.154297 130.400
20.164297 130.941
20.174297 130.378
20.184297 130.930
20.194297 130.372
20.204297 130.860
20.214297 130.226
20.224297 130.895
20.234297 130.312
20.244297 130.906
20.254297 130.337
20.264297 130.862
20.274297 130.246
20.284297 130.779
20.294297 130.227
20.304297 130.893
20.314297 130.227
20.324297 0
20.334297 0
20.344297 0
20.354297 0
20.364297 0
20.374297 0
20.384297 0
20.394297 0
20.404297 0
20.414297 0
20.424297 0
20.434297 0
20.444297 0
20.454297 0
20.464297 0
20.474297 0
20.484297 0
20.494297 0
20.504297 0
20.514297 0
20.524297 0
20.534297 0
20.544297 0
20.554297 0
20.564297 0
20.574297 0
20.584297 0
20.594297 0
20.604297 0
20.614297 0
20.624297 0
20.634297 0
20.644297 0
20.654297 0
20.664297 0
20.674297 0
20.684297 0
20.694297 0
20.704297 0
20.714297 0
20.724297 0
20.734297 0
20.744297 0
20.754297 0
20.764297 0
20.774297 0
20.784297 0
20.794297 0
20.804297 0
20.814297 0
20.824297 0
20.834297 0
20.844297 0
20.854297 0
20.864297 0
20.874297 0
20.884297 0
20.894297 0
20.904297 0
20.914297 0
20.924297 0
20.934297 0
20.944297 0
20.954297 0
20.964297 0
20.974297 0
20.984297 0
20.994297 0
21.004297 0
21.014297 0
21.024297 0
21.034297 0
21.044297 0
21.054297 0
21.064297 0
21.074297 0
21.084297 0
21.094297 0
21.104297 0
21.114297 0
21.124297 0
21.134297 0
21.144297 0
21.154297 0
21.164297 0
21.174297 0
21.184297 0
21.194297 0
21.204297 0
21.214297 0
21.224297 0
21.234297 0
21.244297 0
21.254297 0
21.264297 0
21.274297 0
21.284297 0
21.294297 0
21.304297 0
21.314297 0
21.324297 0
21.334297 0
21.344297 0
21.354297 0
21.364297 0
21.374297 0
21.384297 0
21.394297 262.772
21.404297 262.424
21.414297 262.496
21.424297 262.473
21.434297 262.683
21.444297 262.541
21.454297 262.319
21.464297 262.579
21.474297 262.393
21.484297 262.455
21.494297 262.305
21.504297 262.260
21.514297 262.322
21.524297 262.298
21.534297 262.290
21.544297 262.230
21.554297 262.245
21.564297 262.278
21.574297 262.281
21.584297 262.267
21.594297 262.263
21.604297 262.248
21.614297 262.238
21.624297 262.248
21.634297 262.234
21.644297 262.255
21.654297 262.207
21.664297 262.204
21.674297 262.230
21.684297 262.248
21.694297 262.234
21.704297 262.229
21.714297 262.186
21.724297 262.171
21.734297 262.159
21.744297 262.186
21.754297 262.229
21.764297 262.227
21.774297 262.166
21.784297 262.120
21.794297 262.126
21.804297 262.163
21.814297 262.183
21.824297 262.198
21.834297 262.119
21.844297 262.100
21.854297 262.088
21.864297 262.153
21.874297 262.149
21.884297 262.107
21.894297 262.054
21.904297 262.078
21.914297 262.086
21.924297 262.058
21.934297 262.087
21.944297 262.124
21.954297 262.115
21.964297 263.345
21.974297 289.081
21.984297 295.181
21.994297 294.835
22.004297 293.908
22.014297 294.706
22.024297 294.354
22.034297 294.071
22.044297 294.795
22.054297 294.480
22.064297 294.137
22.074297 294.269
22.084297 294.311
22.094297 294.060
22.104297 294.272
22.114297 294.378
22.124297 294.234
22.134297 294.207
22.144297 294.296
22.154297 294.207
22.164297 294.160
22.174297 294.297
22.184297 294.246
22.194297 294.207
22.204297 294.316
22.214297 294.302
22.224297 294.179
22.234297 294.267
22.244297 294.212
22.254297 294.150
22.264297 294.246
22.274297 294.210
22.284297 294.186
22.294297 294.216
22.304297 294.129
22.314297 294.075
22.324297 294.136
22.334297 294.223
22.344297 294.148
22.354297 294.144
22.364297 294.154
22.374297 294.108
22.384297 294.147
22.394297 294.167
22.404297 294.115
22.414297 294.055
22.424297 294.109
22.434297 294.066
22.444297 294.091
22.454297 294.100
22.464297 294.110
22.474297 293.935
22.484297 306.066
22.494297 310.917
22.504297 311.711
22.514297 311.501
22.524297 311.863
22.534297 312.947
22.544297 313.118
22.554297 312.378
22.564297 311.704
22.574297 311.755
22.584297 312.087
22.594297 312.499
22.604297 312.215
22.614297 311.915
22.624297 311.958
22.634297 312.032
22.644297 312.196
22.654297 312.360
22.664297 312.118
22.674297 311.925
22.684297 311.969
22.694297 312.067
22.704297 312.221
22.714297 312.209
22.724297 311.997
22.734297 311.981
22.744297 312.039
22.754297 312.090
22.764297 312.160
22.774297 312.026
22.784297 311.912
22.794297 312.031
22.804297 311.986
22.814297 312.054
22.824297 312.051
22.834297 311.927
22.844297 311.949
22.854297 311.969
22.864297 311.971
22.874297 312.016
22.884297 311.977
22.894297 311.880
22.904297 311.867
22.914297 311.973
22.924297 312.007
22.934297 311.982
22.944297 311.957
22.954297 311.829
22.964297 311.829
22.974297 311.894
22.984297 311.988
22.994297 311.904
23.004297 311.903
23.014297 311.980
23.024297 312.230
23.034297 338.710
23.044297 348.798
23.054297 350.410
23.064297 349.556
23.074297 348.958
23.084297 349.948
23.094297 349.064
23.104297 348.964
23.114297 349.949
23.124297 349.051
23.134297 349.476
23.144297 349.778
23.154297 349.731
23.164297 350.195
23.174297 349.910
23.184297 349.891
23.194297 350.069
23.204297 349.818
23.214297 349.852
23.224297 349.772
23.234297 349.638
23.244297 349.907
23.254297 349.716
23.264297 349.731
23.274297 350.022
23.284297 349.632
23.294297 349.810
23.304297 349.811
23.314297 349.974
23.324297 349.744
23.334297 349.434
23.344297 349.599
23.354297 349.850
23.364297 349.754
23.374297 349.664
23.384297 349.702
23.394297 349.666
23.404297 349.550
23.414297 349.575
23.424297 349.582
23.434297 349.529
23.444297 349.597
23.454297 349.704
23.464297 349.496
23.474297 349.492
23.484297 349.580
23.494297 349.535
23.504297 349.507
23.514297 349.582
23.524297 349.499
23.534297 349.556
23.544297 349.725
23.554297 349.678
23.564297 371.928
23.574297 389.089
23.584297 387.597
23.594297 388.784
23.604297 390.981
23.614297 388.356
23.624297 392.580
23.634297 389.878
23.644297 391.871
23.654297 391.609
23.664297 391.144
23.674297 393.193
23.684297 391.701
23.694297 393.487
23.704297 392.043
23.714297 392.874
23.724297 392.426
23.734297 392.324
23.744297 392.931
23.754297 392.277
23.764297 393.029
23.774297 392.421
23.784297 392.879
23.794297 392.664
23.804297 392.592
23.814297 392.641
23.824297 392.492
23.834297 392.675
23.844297 392.505
23.854297 392.707
23.864297 392.648
23.874297 392.609
23.884297 392.534
23.894297 392.553
23.904297 392.632
23.914297 392.508
23.924297 392.437
23.934297 392.463
23.944297 392.612
23.954297 392.531
23.964297 392.534
23.974297 392.523
23.984297 392.549
23.994297 392.533
24.004297 392.429
24.014297 392.452
24.024297 392.526
24.034297 392.511
24.044297 392.457
24.054297 392.468
24.064297 393.076
24.074297 404.767
24.084297 410.313
24.094297 414.537
24.104297 416.863
24.114297 417.473
24.124297 414.600
24.134297 414.341
24.144297 415.442
24.154297 417.095
24.164297 416.177
24.174297 415.044
24.184297 415.475
24.194297 416.464
24.204297 416.221
24.214297 415.336
24.224297 415.411
24.234297 416.035
24.244297 416.174
24.254297 415.620
24.264297 415.436
24.274297 415.788
24.284297 416.034
24.294297 415.645
24.304297 415.506
24.314297 415.631
24.324297 415.671
24.334297 415.716
24.344297 415.554
24.354297 415.614
24.364297 415.675
24.374297 415.555
24.384297 415.524
24.394297 415.564
24.404297 415.645
24.414297 415.618
24.424297 415.511
24.434297 415.398
24.444297 415.632
24.454297 415.585
24.464297 415.531
24.474297 415.465
24.484297 415.520
24.494297 415.678
24.504297 415.624
24.514297 415.437
24.524297 415.414
24.534297 415.515
24.544297 415.484
24.554297 415.418
24.564297 415.453
24.574297 415.440
24.584297 415.552
24.594297 415.422
24.604297 415.415
24.614297 415.703
24.624297 424.754
24.634297 490.081
24.644297 490.381
24.654297 492.842
24.664297 493.895
24.674297 495.273
24.684297 494.996
24.694297 493.865
24.704297 495.122
24.714297 495.160
24.724297 494.342
24.734297 494.507
24.744297 494.430
24.754297 494.752
24.764297 494.751
24.774297 494.750
24.784297 494.614
24.794297 494.567
24.804297 494.430
24.814297 494.386
24.824297 494.559
24.834297 494.661
24.844297 494.695
24.854297 494.640
24.864297 494.740
24.874297 494.707
24.884297 494.559
24.894297 494.374
24.904297 494.424
24.914297 494.378
24.924297 494.526
24.934297 494.455
24.944297 494.457
24.954297 494.219
24.964297 494.141
24.974297 494.097
24.984297 494.191
24.994297 494.290
25.004297 494.251
25.014297 494.219
25.024297 493.977
25.034297 494.144
25.044297 494.269
25.054297 494.281
25.064297 494.287
25.074297 494.285
25.084297 494.289
25.094297 494.143
25.104297 494.333
25.114297 494.328
25.124297 494.398
25.134297 494.531
25.144297 494.523
25.154297 494.380
25.164297 494.360
25.174297 510.339
25.184297 516.449
25.194297 519.968
25.204297 523.907
25.214297 526.183
25.224297 524.687
25.234297 524.248
25.244297 525.862
25.254297 525.271
25.264297 523.772
25.274297 524.944
25.284297 524.672
25.294297 524.287
25.304297 524.867
25.314297 524.927
25.324297 524.097
25.334297 524.319
25.344297 524.573
25.354297 524.256
25.364297 524.236
25.374297 524.662
25.384297 524.467
25.394297 524.237
25.404297 524.413
25.414297 524.401
25.424297 524.234
25.434297 524.236
25.444297 524.186
25.454297 524.020
25.464297 523.939
25.474297 524.013
25.484297 524.000
25.494297 523.868
25.504297 523.724
25.514297 524.028
25.524297 523.975
25.534297 523.826
25.544297 523.745
25.554297 523.705
25.564297 523.869
25.574297 523.837
25.584297 524.149
25.594297 524.064
25.604297 523.969
25.614297 523.996
25.624297 524.016
25.634297 523.927
25.644297 523.981
25.654297 524.283
25.664297 524.231
25.674297 524.110
25.684297 524.370
25.694297 524.514
25.704297 524.764
25.714297 490.030
25.724297 488.867
25.734297 493.008
25.744297 494.537
25.754297 495.165
25.764297 496.307
25.774297 495.292
25.784297 494.452
25.794297 496.060
25.804297 495.126
25.814297 494.482
25.824297 494.337
25.834297 494.751
25.844297 494.936
25.854297 494.648
25.864297 494.706
25.874297 494.680
25.884297 494.488
25.894297 494.197
25.904297 494.502
25.914297 494.619
25.924297 494.508
25.934297 494.593
25.944297 494.700
25.954297 494.625
25.964297 494.534
25.974297 494.518
25.984297 494.340
25.994297 494.242
26.004297 494.404
26.014297 494.479
26.024297 494.434
26.034297 494.153
26.044297 494.119
26.054297 494.287
26.064297 494.186
26.074297 494.180
26.084297 494.158
26.094297 494.228
26.104297 494.108
26.114297 494.078
26.124297 494.181
26.134297 494.025
26.144297 494.184
26.154297 494.287
26.164297 494.322
26.174297 494.335
26.184297 494.196
26.194297 494.271
26.204297 483.333
26.214297 419.331
26.224297 415.836
26.234297 418.101
26.244297 417.678
26.254297 416.488
26.264297 415.847
26.274297 416.336
26.284297 416.206
26.294297 416.016
26.304297 416.136
26.314297 416.108
26.324297 415.997
26.334297 415.995
26.344297 415.903
26.354297 415.860
26.364297 416.018
26.374297 415.869
26.384297 415.849
26.394297 415.847
26.404297 415.767
26.414297 415.790
26.424297 415.814
26.434297 415.729
26.444297 415.655
26.454297 415.695
26.464297 415.606
26.474297 415.744
26.484297 415.667
26.494297 415.682
26.504297 415.653
26.514297 415.587
26.524297 415.584
26.534297 415.583
26.544297 415.593
26.554297 415.630
26.564297 415.646
26.574297 415.572
26.584297 415.582
26.594297 415.537
26.604297 415.515
26.614297 415.563
26.624297 415.513
26.634297 415.607
26.644297 415.630
26.654297 415.553
26.664297 415.479
26.674297 415.462
26.684297 415.513
26.694297 415.633
26.704297 415.648
26.714297 415.429
26.724297 415.448
26.734297 415.542
26.744297 415.415
26.754297 412.960
26.764297 392.796
26.774297 392.540
26.784297 394.506
26.794297 395.480
26.804297 393.668
26.814297 391.697
26.824297 392.693
26.834297 394.361
26.844297 393.451
26.854297 392.000
26.864297 392.203
26.874297 393.668
26.884297 393.863
26.894297 392.875
26.904297 392.427
26.914297 392.818
26.924297 393.234
26.934297 392.795
26.944297 392.394
26.954297 392.703
26.964297 393.002
26.974297 392.869
26.984297 392.539
26.994297 392.542
27.004297 392.835
27.014297 392.759
27.024297 392.477
27.034297 392.531
27.044297 392.830
27.054297 392.755
27.064297 392.512
27.074297 392.569
27.084297 392.627
27.094297 392.712
27.104297 392.505
27.114297 392.490
27.124297 392.489
27.134297 392.711
27.144297 392.554
27.154297 392.427
27.164297 392.508
27.174297 392.615
27.184297 392.514
27.194297 392.462
27.204297 392.480
27.214297 392.505
27.224297 392.556
27.234297 392.484
27.244297 392.429
27.254297 392.436
27.264297 392.555
27.274297 392.538
27.284297 392.467
27.294297 392.628
27.304297 392.998
27.314297 392.244
27.324297 365.999
27.334297 350.660
27.344297 350.229
27.354297 351.583
27.364297 349.429
27.374297 350.751
27.384297 349.302
27.394297 349.782
27.404297 349.864
27.414297 349.212
27.424297 349.709
27.434297 349.183
27.444297 350.116
27.454297 349.629
27.464297 349.807
27.474297 349.852
27.484297 349.715
27.494297 349.893
27.504297 349.411
27.514297 349.730
27.524297 349.524
27.534297 349.552
27.544297 349.565
27.554297 349.639
27.564297 349.849
27.574297 349.359
27.584297 349.592
27.594297 349.618
27.604297 349.506
27.614297 349.449
27.624297 349.500
27.634297 349.613
27.644297 349.741
27.654297 349.387
27.664297 349.370
27.674297 349.585
27.684297 349.613
27.694297 349.354
27.704297 349.464
27.714297 349.511
27.724297 349.624
27.734297 349.412
27.744297 349.330
27.754297 349.386
27.764297 349.519
27.774297 349.464
27.784297 349.580
27.794297 349.433
27.804297 349.508
27.814297 349.397
27.824297 349.150
27.834297 349.401
27.844297 348.138
27.854297 319.321
27.864297 315.034
27.874297 314.032
27.884297 314.118
27.894297 312.581
27.904297 312.883
27.914297 313.232
27.924297 312.455
27.934297 312.846
27.944297 312.256
27.954297 311.940
27.964297 312.364
27.974297 311.866
27.984297 312.206
27.994297 312.247
28.004297 311.932
28.014297 312.210
28.024297 311.997
28.034297 312.002
28.044297 312.099
28.054297 311.926
28.064297 312.113
28.074297 311.950
28.084297 311.900
28.094297 312.053
28.104297 311.963
28.114297 312.009
28.124297 311.967
28.134297 311.926
28.144297 312.034
28.154297 311.906
28.164297 311.919
28.174297 311.988
28.184297 311.881
28.194297 311.812
28.204297 311.901
28.214297 311.973
28.224297 311.918
28.234297 311.827
28.244297 311.950
28.254297 311.901
28.264297 311.867
28.274297 311.928
28.284297 311.890
28.294297 311.828
28.304297 311.817
28.314297 311.927
28.324297 311.806
28.334297 311.841
28.344297 311.866
28.354297 311.892
28.364297 311.804
28.374297 311.803
28.384297 311.777
28.394297 311.914
28.404297 303.689
28.414297 297.034
28.424297 294.527
28.434297 294.564
28.444297 296.049
28.454297 295.484
28.464297 294.831
28.474297 294.800
28.484297 294.010
28.494297 294.192
28.504297 294.607
28.514297 294.450
28.524297 294.393
28.534297 294.121
28.544297 293.977
28.554297 294.339
28.564297 294.388
28.574297 294.447
28.584297 294.278
28.594297 294.081
28.604297 294.171
28.614297 294.272
28.624297 294.296
28.634297 294.272
28.644297 294.278
28.654297 294.213
28.664297 294.163
28.674297 294.222
28.684297 294.251
28.694297 294.229
28.704297 294.216
28.714297 294.084
28.724297 294.108
28.734297 294.199
28.744297 294.168
28.754297 294.171
28.764297 294.128
28.774297 294.105
28.784297 294.092
28.794297 294.099
28.804297 294.156
28.814297 294.127
28.824297 294.040
28.834297 294.065
28.844297 294.160
28.854297 294.104
28.864297 294.082
28.874297 294.035
28.884297 294.050
28.894297 294.089
28.904297 294.094
28.914297 294.132
28.924297 294.061
28.934297 294.031
28.944297 294.064
28.954297 294.066
28.964297 294.077
28.974297 294.113
28.984297 294.065
28.994297 293.940
29.004297 294.023
29.014297 294.101
29.024297 294.068
29.034297 294.274
29.044297 294.425
29.054297 294.430
29.064297 289.791
29.074297 264.683
29.084297 263.202
29.094297 263.121
29.104297 262.633
29.114297 262.767
29.124297 262.638
29.134297 262.286
29.144297 262.693
29.154297 262.433
29.164297 262.200
29.174297 262.331
29.184297 262.260
29.194297 262.080
29.204297 262.165
29.214297 262.304
29.224297 262.071
29.234297 262.152
29.244297 262.296
29.254297 262.140
29.264297 262.117
29.274297 262.301
29.284297 262.137
29.294297 262.014
29.304297 262.239
29.314297 262.140
29.324297 262.028
29.334297 262.220
29.344297 262.212
29.354297 262.054
29.364297 262.141
29.374297 262.174
29.384297 262.094
29.394297 262.107
29.404297 262.160
29.414297 262.034
29.424297 262.061
29.434297 262.167
29.444297 262.075
29.454297 262.043
29.464297 262.110
29.474297 262.083
29.484297 262.050
29.494297 262.106
29.504297 262.031
29.514297 262.052
29.524297 262.096
29.534297 262.000
29.544297 261.991
29.554297 262.085
29.564297 262.054
29.574297 262.026
29.584297 262.010
29.594297 261.983
29.604297 262.022
29.614297 262.011
29.624297 261.992
29.634297 261.964
29.644297 262.014
29.654297 262.018
29.664297 261.958
29.674297 261.987
29.684297 261.995
29.694297 262.034
29.704297 262.018
29.714297 261.993
29.724297 261.989
29.734297 261.986
29.744297 261.934
29.754297 261.961
29.764297 261.989
29.774297 261.940
29.784297 261.946
29.794297 262.001
29.804297 261.973
29.814297 261.913
29.824297 261.985
29.834297 261.930
29.844297 261.894
29.854297 261.954
29.864297 261.921
29.874297 261.935
29.884297 261.994
29.894297 261.920
29.904297 261.911
29.914297 261.950
29.924297 261.926
29.934297 261.862
29.944297 261.893
29.954297 261.947
29.964297 261.878
29.974297 261.941
29.984297 261.942
29.994297 261.854
30.004297 261.963
30.014297 261.907
30.024297 261.888
30.034297 261.900
30.044297 261.903
30.054297 261.857
30.064297 261.874
30.074297 261.854
30.084297 261.900
30.094297 261.896
30.104297 261.859
30.114297 261.820
30.124297 261.888
30.134297 261.852
30.144297 261.910
30.154297 261.896
30.164297 261.831
30.174297 261.890
30.184297 261.916
30.194297 261.877
30.204297 261.857
30.214297 261.843
30.224297 261.753
30.234297 261.892
30.244297 261.854
30.254297 261.833
30.264297 261.884
30.274297 261.902
30.284297 261.855
30.294297 261.804
30.304297 0
30.314297 0
30.324297 0
30.334297 0
30.344297 0
30.354297 0
30.364297 0
30.374297 0
30.384297 0
30.394297 0
30.404297 0
30.414297 0
30.424297 0
30.434297 0
30.444297 0
30.454297 0
30.464297 0
30.474297 0
30.484297 0
30.494297 0
30.504297 0
30.514297 0
30.524297 0
30.534297 0
30.544297 0
30.554297 0
30.564297 0
30.574297 0
30.584297 0
30.594297 0
30.604297 0
30.614297 0
30.624297 0
30.634297 0
30.644297 0
30.654297 0
30.664297 0
30.674297 0
30.684297 0
30.694297 0
30.704297 0
30.714297 0
30.724297 0
30.734297 0
30.744297 0
30.754297 0
30.764297 0
30.774297 0
30.784297 0
30.794297 0
30.804297 0
30.814297 0
30.824297 0
30.834297 0
30.844297 0
30.854297 0
30.864297 0
30.874297 0
30.884297 0
30.894297 0
30.904297 0
30.914297 0
30.924297 0
30.934297 0
30.944297 0
30.954297 0
30.964297 0
30.974297 0
30.984297 0
30.994297 0
31.004297 0
31.014297 0
31.024297 0
31.034297 0
31.044297 0
31.054297 0
31.064297 0
31.074297 0
31.084297 0
31.094297 0
31.104297 0
31.114297 0
31.124297 0
31.134297 0
31.144297 0
31.154297 0
31.164297 0
31.174297 0
31.184297 0
31.194297 0
31.204297 0
31.214297 0
31.224297 0
31.234297 0
31.244297 0
31.254297 0
31.264297 0
31.274297 0
31.284297 0
31.294297 0
31.304297 0
31.314297 0
31.324297 0
31.334297 0
31.344297 0
31.354297 0
31.364297 0
31.374297 0
31.384297 0
31.394297 0
31.404297 0
31.414297 0
31.424297 0
31.434297 0
31.444297 0
31.454297 0
31.464297 0
31.474297 0
31.484297 0
31.494297 0
31.504297 0
31.514297 0
31.524297 0
31.534297 0
31.544297 0
31.554297 0
31.564297 0
31.574297 0
31.584297 0
31.594297 0
31.604297 0
31.614297 0
31.624297 0
31.634297 0
31.644297 0
31.654297 0
31.664297 0
31.674297 0
31.684297 0
31.694297 0
31.704297 0
31.714297 262.746
31.724297 262.263
31.734297 262.205
31.744297 262.349
31.754297 262.393
31.764297 262.500
31.774297 262.280
31.784297 262.259
31.794297 262.367
31.804297 262.264
31.814297 262.351
31.824297 262.082
31.834297 262.156
31.844297 262.152
31.854297 262.151
31.864297 262.156
31.874297 262.134
31.884297 262.113
31.894297 262.208
31.904297 262.180
31.914297 262.124
31.924297 262.078
31.934297 262.163
31.944297 262.139
31.954297 262.106
31.964297 262.162
31.974297 262.140
31.984297 262.095
31.994297 262.118
32.004297 262.192
32.014297 262.138
32.024297 262.079
32.034297 262.092
32.044297 262.124
32.054297 262.104
32.064297 262.070
32.074297 262.071
32.084297 262.110
32.094297 262.047
32.104297 262.068
32.114297 262.101
32.124297 262.035
32.134297 262.093
32.144297 262.060
32.154297 262.025
32.164297 262.073
32.174297 262.061
32.184297 262.076
32.194297 262.078
32.204297 262.008
32.214297 262.051
32.224297 262.035
32.234297 261.960
32.244297 261.994
32.254297 262.014
32.264297 262.005
32.274297 262.002
32.284297 262.005
32.294297 262.005
32.304297 262.019
32.314297 262.017
32.324297 261.967
32.334297 262.039
32.344297 262.014
32.354297 262.012
32.364297 261.951
32.374297 261.895
32.384297 261.975
32.394297 261.987
32.404297 261.982
32.414297 261.984
32.424297 261.957
32.434297 261.981
32.444297 261.954
32.454297 261.955
32.464297 261.941
32.474297 261.929
32.484297 261.945
32.494297 261.943
32.504297 261.920
32.514297 261.918
32.524297 261.937
32.534297 261.961
32.544297 261.914
32.554297 261.940
32.564297 261.941
32.574297 261.909
32.584297 261.889
32.594297 261.896
32.604297 261.905
32.614297 261.893
32.624297 261.956
32.634297 261.914
32.644297 261.842
32.654297 261.950
32.664297 261.933
32.674297 261.857
32.684297 261.852
32.694297 261.886
32.704297 261.878
32.714297 261.866
32.724297 261.884
32.734297 261.878
32.744297 261.890
32.754297 261.874
32.764297 261.883
32.774297 261.917
32.784297 261.866
32.794297 261.864
32.804297 261.883
32.814297 261.908
32.824297 261.824
32.834297 261.896
32.844297 261.898
32.854297 261.828
32.864297 261.841
32.874297 261.863
32.884297 261.860
32.894297 261.878
32.904297 261.864
32.914297 261.814
32.924297 261.740
32.934297 261.904
32.944297 261.882
32.954297 261.892
32.964297 0
32.974297 0
32.984297 0
32.994297 0
33.004297 0
33.014297 0
33.024297 0
33.034297 0
33.044297 0
33.054297 0
33.064297 0
33.074297 0
33.084297 0
33.094297 0
33.104297 0
33.114297 0
33.124297 0
33.134297 0
33.144297 0
33.154297 0
33.164297 0
33.174297 0
33.184297 0
33.194297 0
33.204297 0
33.214297 0
33.224297 0
33.234297 0
33.244297 0
33.254297 0
33.264297 0
33.274297 0
33.284297 0
33.294297 173.372
33.304297 173.822
33.314297 131.020
33.324297 131.154
33.334297 131.029
33.344297 131.081
33.354297 131.155
33.364297 131.344
33.374297 131.111
33.384297 131.054
33.394297 130.906
33.404297 130.989
33.414297 131.061
33.424297 131.175
33.434297 131.198
33.444297 131.252
33.454297 131.117
33.464297 131.201
33.474297 131.241
33.484297 131.214
33.494297 131.127
33.504297 131.257
33.514297 131.223
33.524297 131.263
33.534297 131.192
33.544297 131.300
33.554297 131.200
33.564297 131.317
33.574297 131.161
33.584297 131.223
33.594297 77.734
33.604297 77.784
33.614297 77.809
33.624297 77.727
33.634297 77.805
33.644297 77.881
33.654297 78.065
33.664297 77.995
33.674297 78.130
33.684297 78.117
33.694297 78.225
33.704297 78.196
33.714297 78.227
33.724297 78.216
33.734297 78.336
33.744297 78.336
33.754297 78.390
33.764297 78.270
33.774297 78.387
33.784297 78.411
33.794297 78.428
33.804297 78.278
33.814297 78.376
33.824297 78.352
33.834297 78.371
33.844297 78.271
33.854297 78.320
33.864297 78.235
33.874297 78.326
33.884297 78.238
33.894297 78.267
33.904297 78.152
33.914297 78.210
33.924297 78.166
33.934297 78.233
33.944297 131.206
33.954297 131.146
33.964297 131.251
33.974297 130.944
33.984297 131.145
33.994297 131.159
34.004297 131.133
34.014297 130.894
34.024297 131.061
34.034297 130.977
34.044297 131.124
34.054297 130.992
34.064297 131.171
34.074297 131.071
34.084297 131.129
34.094297 130.951
34.104297 131.088
34.114297 131.058
34.124297 131.069
34.134297 130.896
34.144297 131.095
34.154297 131.040
34.164297 131.096
34.174297 130.917
34.184297 131.051
34.194297 130.935
34.204297 131.014
34.214297 130.926
34.224297 131.011
34.234297 130.885
34.244297 131.024
34.254297 130.886
34.264297 130.941
34.274297 130.903
34.284297 131.037
34.294297 130.989
34.304297 130.994
34.314297 130.781
34.324297 130.943
34.334297 130.907
34.344297 130.912
34.354297 130.826
34.364297 130.893
34.374297 130.900
34.384297 130.993
34.394297 130.910
34.404297 130.947
34.414297 130.889
34.424297 131.091
34.434297 130.892
34.444297 130.852
34.454297 130.844
34.464297 131.022
34.474297 130.823
34.484297 130.836
34.494297 130.759
34.504297 130.922
34.514297 130.882
34.524297 130.866
34.534297 130.780
34.544297 130.947
34.554297 130.854
34.564297 130.839
34.574297 130.813
34.584297 130.877
34.594297 130.870
34.604297 130.953
34.614297 130.847
34.624297 130.799
34.634297 130.896
34.644297 130.962
34.654297 130.895
34.664297 130.926
34.674297 130.830
34.684297 130.910
34.694297 130.950
34.704297 130.980
34.714297 130.865
34.724297 130.898
34.734297 130.982
34.744297 130.976
34.754297 131.001
34.764297 130.897
34.774297 130.912
34.784297 130.988
34.794297 130.942
34.804297 130.888
34.814297 130.967
34.824297 130.925
34.834297 130.999
34.844297 130.972
34.854297 130.985
34.864297 130.972
34.874297 130.952
34.884297 130.957
34.894297 131.007
34.904297 130.967
34.914297 130.951
34.924297 130.939
34.934297 130.895
34.944297 130.970
34.954297 131.000
34.964297 131.033
34.974297 130.907
34.984297 130.893
34.994297 0
35.004297 0
35.014297 0
35.024297 0
35.034297 0
35.044297 0
35.054297 0
35.064297 0
35.074297 0
35.084297 0
35.094297 0
35.104297 0
35.114297 0
35.124297 0
35.134297 0
35.144297 0
35.154297 0
35.164297 0
35.174297 0
35.184297 0
35.194297 0
35.204297 0
35.214297 0
35.224297 0
35.234297 0
35.244297 0
35.254297 0
35.264297 0
35.274297 0
35.284297 0
35.294297 0
35.304297 0
35.314297 0
35.324297 0
35.334297 0
35.344297 0
35.354297 0
35.364297 0
35.374297 0
35.384297 0
35.394297 0
35.404297 0
35.414297 0
35.424297 0
35.434297 0
35.444297 0
35.454297 0
35.464297 0
35.474297 0
35.484297 0
35.494297 0
35.504297 0
35.514297 0
35.524297 0
35.534297 0
35.544297 0
35.554297 0
35.564297 0
35.574297 0
35.584297 0
35.594297 0
35.604297 0
35.614297 0
35.624297 0
35.634297 0
35.644297 0
35.654297 0
35.664297 0
35.674297 0
35.684297 0
35.694297 0
35.704297 0
35.714297 0
35.724297 0
35.734297 0
35.744297 0
35.754297 0
35.764297 0
35.774297 0
35.784297 0
35.794297 0
35.804297 0
35.814297 0
35.824297 0
35.834297 0
35.844297 0
35.854297 0
35.864297 0
35.874297 0
35.884297 0
35.894297 0
35.904297 0
35.914297 0
35.924297 0
35.934297 0
35.944297 0
35.954297 0
35.964297 0
35.974297 0
35.984297 0
35.994297 0
36.004297 0
36.014297 0
36.024297 0
36.034297 0
36.044297 0
36.054297 0
36.064297 0
36.074297 0
36.084297 0
36.094297 0
36.104297 0
36.114297 0
36.124297 0
36.134297 0
36.144297 0
36.154297 0
36.164297 0
36.174297 0
36.184297 0
36.194297 0
36.204297 0
36.214297 0
36.224297 0
36.234297 0
36.244297 0
36.254297 0
36.264297 0
36.274297 0
36.284297 0
36.294297 0
36.304297 0
36.314297 0
36.324297 0
36.334297 0
36.344297 0
36.354297 0
36.364297 0
36.374297 0
36.384297 0
36.394297 0
36.404297 0
36.414297 0
36.424297 0
36.434297 0
36.444297 0
36.454297 0
36.464297 0
36.474297 0
36.484297 262.757
36.494297 262.388
36.504297 262.544
36.514297 262.509
36.524297 262.503
36.534297 262.495
36.544297 262.222
36.554297 262.371
36.564297 262.414
36.574297 262.438
36.584297 262.248
36.594297 262.121
36.604297 262.239
36.614297 262.253
36.624297 262.245
36.634297 262.188
36.644297 262.208
36.654297 262.200
36.664297 262.204
36.674297 262.209
36.684297 262.219
36.694297 262.177
36.704297 262.181
36.714297 262.150
36.724297 262.179
36.734297 262.210
36.744297 262.158
36.754297 262.201
36.764297 262.195
36.774297 262.169
36.784297 262.125
36.794297 262.148
36.804297 262.179
36.814297 262.150
36.824297 262.166
36.834297 262.164
36.844297 262.121
36.854297 262.150
36.864297 262.085
36.874297 262.105
36.884297 262.084
36.894297 262.078
36.904297 262.103
36.914297 262.159
36.924297 262.114
36.934297 262.082
36.944297 262.087
36.954297 262.090
36.964297 262.053
36.974297 262.053
36.984297 262.075
36.994297 262.116
37.004297 262.047
37.014297 262.088
37.024297 274.420
37.034297 293.795
37.044297 294.543
37.054297 293.926
37.064297 294.627
37.074297 294.806
37.084297 293.735
37.094297 294.528
37.104297 294.839
37.114297 294.056
37.124297 294.241
37.134297 294.356
37.144297 293.964
37.154297 294.135
37.164297 294.442
37.174297 294.173
37.184297 294.086
37.194297 294.368
37.204297 294.268
37.214297 294.092
37.224297 294.359
37.234297 294.260
37.244297 294.074
37.254297 294.309
37.264297 294.298
37.274297 294.122
37.284297 294.226
37.294297 294.245
37.304297 294.155
37.314297 294.202
37.324297 294.225
37.334297 294.077
37.344297 294.206
37.354297 294.219
37.364297 294.149
37.374297 294.109
37.384297 294.146
37.394297 294.102
37.404297 294.102
37.414297 294.182
37.424297 294.029
37.434297 294.108
37.444297 294.159
37.454297 294.094
37.464297 294.104
37.474297 294.099
37.484297 294.011
37.494297 294.025
37.504297 294.133
37.514297 300.555
37.524297 310.471
37.534297 314.225
37.544297 312.976
37.554297 311.884
37.564297 311.802
37.574297 311.763
37.584297 312.788
37.594297 312.875
37.604297 312.125
37.614297 311.777
37.624297 311.770
37.634297 311.842
37.644297 312.318
37.654297 312.409
37.664297 312.063
37.674297 311.947
37.684297 312.051
37.694297 312.049
37.704297 312.265
37.714297 312.164
37.724297 311.987
37.734297 311.960
37.744297 312.043
37.754297 312.107
37.764297 312.267
37.774297 312.070
37.784297 311.927
37.794297 311.978
37.804297 312.059
37.814297 312.115
37.824297 312.083
37.834297 311.953
37.844297 311.881
37.854297 311.930
37.864297 311.956
37.874297 312.008
37.884297 311.985
37.894297 311.918
37.904297 311.900
37.914297 311.979
37.924297 311.993
37.934297 311.998
37.944297 311.886
37.954297 311.888
37.964297 311.839
37.974297 311.864
37.984297 312.893
37.994297 344.448
38.004297 350.003
38.014297 350.688
38.024297 349.615
38.034297 348.878
38.044297 349.994
38.054297 349.036
38.064297 349.247
38.074297 350.026
38.084297 349.118
38.094297 349.565
38.104297 349.815
38.114297 349.704
38.124297 350.211
38.134297 350.031
38.144297 349.979
38.154297 350.018
38.164297 349.715
38.174297 349.618
38.184297 349.869
38.194297 349.881
38.204297 349.809
38.214297 349.638
38.224297 349.648
38.234297 349.814
38.244297 349.698
38.254297 349.902
38.264297 349.739
38.274297 349.566
38.284297 349.672
38.294297 349.744
38.304297 349.645
38.314297 349.543
38.324297 349.588
38.334297 349.717
38.344297 349.649
38.354297 349.737
38.364297 349.541
38.374297 349.575
38.384297 349.583
38.394297 349.579
38.404297 349.597
38.414297 349.572
38.424297 349.500
38.434297 349.588
38.444297 349.549
38.454297 349.584
38.464297 349.552
38.474297 350.971
38.484297 378.525
38.494297 390.341
38.504297 387.317
38.514297 390.465
38.524297 389.650
38.534297 389.982
38.544297 392.329
38.554297 390.032
38.564297 392.910
38.574297 390.728
38.584297 392.303
38.594297 392.511
38.604297 392.177
38.614297 393.200
38.624297 391.825
38.634297 393.224
38.644297 392.006
38.654297 392.839
38.664297 392.498
38.674297 392.385
38.684297 392.939
38.694297 392.356
38.704297 392.904
38.714297 392.321
38.724297 392.677
38.734297 392.645
38.744297 392.548
38.754297 392.710
38.764297 392.427
38.774297 392.578
38.784297 392.514
38.794297 392.697
38.804297 392.599
38.814297 392.504
38.824297 392.556
38.834297 392.442
38.844297 392.639
38.854297 392.418
38.864297 392.572
38.874297 392.535
38.884297 392.515
38.894297 392.547
38.904297 392.438
38.914297 392.539
38.924297 392.486
38.934297 392.430
38.944297 392.435
38.954297 392.428
38.964297 392.600
38.974297 392.381
38.984297 394.283
38.994297 423.078
39.004297 434.058
39.014297 438.516
39.024297 440.103
39.034297 438.844
39.044297 439.400
39.054297 440.647
39.064297 440.089
39.074297 440.435
39.084297 439.925
39.094297 440.647
39.104297 440.196
39.114297 440.589
39.124297 440.010
39.134297 440.731
39.144297 440.104
39.154297 440.598
39.164297 440.227
39.174297 440.540
39.184297 440.199
39.194297 440.630
39.204297 440.164
39.214297 440.431
39.224297 440.281
39.234297 440.400
39.244297 440.303
39.254297 440.273
39.264297 440.172
39.274297 440.369
39.284297 440.305
39.294297 440.355
39.304297 440.273
39.314297 440.265
39.324297 440.237
39.334297 440.124
39.344297 440.137
39.354297 440.100
39.364297 440.385
39.374297 440.300
39.384297 440.252
39.394297 440.224
39.404297 440.260
39.414297 440.143
39.424297 440.042
39.434297 440.182
39.444297 440.268
39.454297 440.307
39.464297 440.196
39.474297 440.103
39.484297 440.149
39.494297 440.044
39.504297 440.097
39.514297 441.272
39.524297 478.133
39.534297 485.678
39.544297 492.360
39.554297 493.565
39.564297 495.130
39.574297 494.117
39.584297 494.109
39.594297 493.880
39.604297 495.289
39.614297 493.554
39.624297 494.493
39.634297 494.118
39.644297 494.639
39.654297 494.576
39.664297 494.616
39.674297 494.596
39.684297 494.379
39.694297 494.553
39.704297 494.173
39.714297 494.482
39.724297 494.447
39.734297 494.715
39.744297 494.411
39.754297 494.702
39.764297 494.536
39.774297 494.541
39.784297 494.301
39.794297 494.427
39.804297 494.382
39.814297 494.455
39.824297 494.245
39.834297 494.320
39.844297 494.291
39.854297 494.101
39.864297 494.213
39.874297 494.201
39.884297 494.221
39.894297 494.095
39.904297 494.190
39.914297 493.866
39.924297 494.141
39.934297 494.139
39.944297 494.286
39.954297 494.289
39.964297 494.236
39.974297 494.302
39.984297 494.072
39.994297 494.357
40.004297 494.359
40.014297 494.280
40.024297 494.297
40.034297 494.262
40.044297 513.780
40.054297 517.485
40.064297 521.363
40.074297 525.002
40.084297 525.238
40.094297 525.068
40.104297 525.104
40.114297 525.367
40.124297 525.103
40.134297 524.509
40.144297 524.837
40.154297 524.151
40.164297 524.385
40.174297 525.007
40.184297 524.711
40.194297 524.113
40.204297 524.539
40.214297 524.421
40.224297 523.971
40.234297 524.333
40.244297 524.620
40.254297 524.378
40.264297 524.335
40.274297 524.308
40.284297 524.187
40.294297 524.296
40.304297 524.328
40.314297 524.029
40.324297 523.944
40.334297 524.089
40.344297 523.983
40.354297 523.766
40.364297 523.806
40.374297 523.868
40.384297 523.952
40.394297 523.912
40.404297 523.886
40.414297 523.872
40.424297 523.667
40.434297 523.718
40.444297 523.834
40.454297 524.091
40.464297 523.927
40.474297 523.969
40.484297 523.957
40.494297 524.090
40.504297 523.876
40.514297 523.929
40.524297 524.353
40.534297 524.098
40.544297 524.022
40.554297 524.186
40.564297 525.166
40.574297 481.662
40.584297 468.936
40.594297 468.995
40.604297 468.540
40.614297 467.174
40.624297 466.897
40.634297 467.558
40.644297 467.079
40.654297 467.226
40.664297 467.102
40.674297 467.211
40.684297 467.018
40.694297 466.941
40.704297 467.032
40.714297 466.995
40.724297 466.841
40.734297 466.749
40.744297 466.926
40.754297 467.091
40.764297 467.064
40.774297 466.778
40.784297 466.732
40.794297 466.816
40.804297 466.758
40.814297 466.853
40.824297 466.698
40.834297 466.738
40.844297 466.742
40.854297 466.639
40.864297 466.890
40.874297 466.596
40.884297 466.650
40.894297 466.747
40.904297 466.691
40.914297 466.620
40.924297 466.612
40.934297 466.659
40.944297 466.810
40.954297 466.615
40.964297 466.738
40.974297 466.752
40.984297 466.507
40.994297 466.588
41.004297 466.585
41.014297 466.691
41.024297 466.765
41.034297 466.582
41.044297 466.541
41.054297 466.668
41.064297 466.542
41.074297 466.569
41.084297 466.402
41.094297 466.917
41.104297 454.433
41.114297 426.884
41.124297 417.695
41.134297 419.796
41.144297 416.970
41.154297 416.471
41.164297 415.796
41.174297 417.006
41.184297 415.923
41.194297 416.533
41.204297 415.784
41.214297 416.341
41.224297 415.716
41.234297 416.165
41.244297 415.563
41.254297 416.113
41.264297 415.664
41.274297 415.880
41.284297 415.736
41.294297 415.864
41.304297 415.563
41.314297 415.793
41.324297 415.587
41.334297 415.550
41.344297 415.545
41.354297 415.685
41.364297 415.675
41.374297 415.695
41.384297 415.504
41.394297 415.557
41.404297 415.558
41.414297 415.558
41.424297 415.598
41.434297 415.442
41.444297 415.515
41.454297 415.610
41.464297 415.398
41.474297 415.614
41.484297 415.588
41.494297 415.458
41.504297 415.554
41.514297 415.380
41.524297 415.552
41.534297 415.423
41.544297 415.588
41.554297 415.548
41.564297 415.458
41.574297 415.461
41.584297 415.378
41.594297 415.370
41.604297 415.446
41.614297 415.635
41.624297 415.366
41.634297 412.096
41.644297 396.282
41.654297 392.862
41.664297 392.242
41.674297 392.976
41.684297 393.281
41.694297 392.977
41.704297 391.725
41.714297 392.528
41.724297 392.774
41.734297 392.610
41.744297 392.301
41.754297 392.552
41.764297 393.125
41.774297 393.080
41.784297 392.663
41.794297 392.463
41.804297 392.736
41.814297 392.716
41.824297 392.561
41.834297 392.546
41.844297 392.595
41.854297 392.768
41.864297 392.731
41.874297 392.494
41.884297 392.518
41.894297 392.519
41.904297 392.535
41.914297 392.448
41.924297 392.549
41.934297 392.717
41.944297 392.638
41.954297 392.354
41.964297 392.314
41.974297 392.596
41.984297 392.712
41.994297 392.456
42.004297 392.405
42.014297 392.549
42.024297 392.639
42.034297 392.542
42.044297 392.351
42.054297 392.448
42.064297 392.575
42.074297 392.601
42.084297 392.402
42.094297 392.255
42.104297 392.450
42.114297 392.461
42.124297 392.479
42.134297 392.541
42.144297 392.536
42.154297 392.678
42.164297 392.377
42.174297 368.813
42.184297 348.971
42.194297 350.785
42.204297 351.339
42.214297 349.575
42.224297 350.159
42.234297 349.395
42.244297 349.605
42.254297 349.690
42.264297 349.398
42.274297 349.535
42.284297 349.368
42.294297 349.954
42.304297 349.529
42.314297 350.003
42.324297 349.840
42.334297 350.064
42.344297 349.920
42.354297 349.287
42.364297 349.706
42.374297 349.381
42.384297 349.712
42.394297 349.643
42.404297 349.533
42.414297 349.726
42.424297 349.623
42.434297 349.639
42.444297 349.312
42.454297 349.744
42.464297 349.595
42.474297 349.727
42.484297 349.528
42.494297 349.458
42.504297 349.441
42.514297 349.674
42.524297 349.589
42.534297 349.530
42.544297 349.479
42.554297 349.405
42.564297 349.580
42.574297 349.538
42.584297 349.317
42.594297 349.624
42.604297 349.589
42.614297 349.294
42.624297 349.463
42.634297 349.383
42.644297 349.423
42.654297 349.550
42.664297 349.398
42.674297 349.176
42.684297 349.532
42.694297 344.214
42.704297 325.099
42.714297 316.972
42.724297 314.239
42.734297 314.832
42.744297 313.101
42.754297 313.076
42.764297 313.983
42.774297 312.263
42.784297 312.572
42.794297 312.262
42.804297 311.691
42.814297 312.321
42.824297 311.755
42.834297 312.064
42.844297 312.335
42.854297 311.821
42.864297 312.097
42.874297 311.890
42.884297 311.777
42.894297 312.086
42.904297 311.820
42.914297 311.855
42.924297 311.912
42.934297 311.750
42.944297 311.967
42.954297 311.904
42.964297 311.828
42.974297 311.929
42.984297 311.785
42.994297 311.866
43.004297 311.877
43.014297 311.814
43.024297 311.820
43.034297 311.708
43.044297 311.722
43.054297 311.824
43.064297 311.740
43.074297 311.818
43.084297 311.827
43.094297 311.820
43.104297 311.773
43.114297 311.709
43.124297 311.777
43.134297 311.889
43.144297 311.698
43.154297 311.710
43.164297 311.752
43.174297 311.741
43.184297 311.728
43.194297 311.772
43.204297 310.847
43.214297 298.820
43.224297 296.179
43.234297 296.197
43.244297 296.044
43.254297 295.518
43.264297 294.741
43.274297 294.280
43.284297 294.254
43.294297 294.618
43.304297 294.776
43.314297 294.524
43.324297 294.304
43.334297 294.061
43.344297 294.016
43.354297 294.440
43.364297 294.555
43.374297 294.391
43.384297 294.242
43.394297 294.104
43.404297 294.193
43.414297 294.356
43.424297 294.316
43.434297 294.339
43.444297 294.253
43.454297 294.201
43.464297 294.268
43.474297 294.326
43.484297 294.279
43.494297 294.187
43.504297 294.207
43.514297 294.251
43.524297 294.177
43.534297 294.163
43.544297 294.232
43.554297 294.195
43.564297 294.146
43.574297 294.121
43.584297 294.109
43.594297 294.209
43.604297 294.170
43.614297 294.081
43.624297 294.146
43.634297 294.200
43.644297 294.146
43.654297 294.093
43.664297 294.118
43.674297 294.104
43.684297 294.051
43.694297 294.068
43.704297 294.153
43.714297 294.135
43.724297 294.128
43.734297 294.038
43.744297 294.058
43.754297 294.077
43.764297 294.070
43.774297 294.062
43.784297 294.105
43.794297 294.133
43.804297 294.085
43.814297 294.060
43.824297 294.113
43.834297 294.372
43.844297 294.492
43.854297 294.356
43.864297 294.344
43.874297 289.698
43.884297 264.642
43.894297 263.175
43.904297 263.094
43.914297 262.628
43.924297 262.503
43.934297 262.590
43.944297 262.095
43.954297 262.296
43.964297 262.482
43.974297 262.521
43.984297 262.021
43.994297 262.123
44.004297 262.286
44.014297 262.045
44.024297 262.223
44.034297 262.270
44.044297 262.059
44.054297 262.097
44.064297 262.291
44.074297 262.088
44.084297 262.071
44.094297 262.256
44.104297 262.090
44.114297 262.021
44.124297 262.244
44.134297 262.181
44.144297 262.009
44.154297 262.194
44.164297 262.143
44.174297 262.022
44.184297 262.132
44.194297 262.115
44.204297 261.998
44.214297 262.150
44.224297 262.156
44.234297 261.971
44.244297 262.081
44.254297 262.101
44.264297 261.987
44.274297 262.063
44.284297 262.090
44.294297 262.013
44.304297 262.042
44.314297 262.111
44.324297 262.044
44.334297 262.050
44.344297 262.026
44.354297 262.021
44.364297 261.994
44.374297 262.024
44.384297 261.998
44.394297 261.964
44.404297 261.992
44.414297 261.956
44.424297 261.952
44.434297 261.990
44.444297 262.053
44.454297 262.039
44.464297 261.978
44.474297 261.961
44.484297 261.944
44.494297 261.998
44.504297 262.003
44.514297 261.978
44.524297 261.948
44.534297 261.931
44.544297 261.953
44.554297 261.952
44.564297 261.905
44.574297 262.006
44.584297 261.995
44.594297 261.896
44.604297 261.935
44.614297 261.979
44.624297 261.879
44.634297 261.916
44.644297 261.940
44.654297 261.922
44.664297 261.933
44.674297 261.936
44.684297 261.911
44.694297 261.934
44.704297 261.940
44.714297 261.892
44.724297 261.907
44.734297 261.966
44.744297 261.869
44.754297 261.830
44.764297 261.920
44.774297 261.877
44.784297 261.894
44.794297 261.907
44.804297 261.825
44.814297 261.901
44.824297 261.958
44.834297 261.783
44.844297 261.903
44.854297 261.853
44.864297 261.848
44.874297 261.893
44.884297 261.872
44.894297 261.832
44.904297 261.819
44.914297 261.913
44.924297 261.871
44.934297 261.825
44.944297 261.818
44.954297 261.875
44.964297 261.882
44.974297 261.876
44.984297 261.825
44.994297 261.843
45.004297 261.851
45.014297 261.792
45.024297 261.811
45.034297 261.899
45.044297 261.795
45.054297 261.823
45.064297 261.819
45.074297 261.831
45.084297 0
45.094297 0
45.104297 0
45.114297 0
45.124297 0
45.134297 0
45.144297 0
45.154297 0
45.164297 0
45.174297 0
45.184297 0
45.194297 0
45.204297 0
45.214297 0
45.224297 0
45.234297 0
45.244297 0
45.254297 0
45.264297 0
45.274297 0
45.284297 0
45.294297 0
45.304297 0
45.314297 0
45.324297 0
45.334297 0
45.344297 0
45.354297 0
45.364297 0
45.374297 0
45.384297 0
45.394297 0
45.404297 0
45.414297 0
45.424297 0
45.434297 0
45.444297 0
45.454297 0
45.464297 0
45.474297 0
45.484297 0
45.494297 0
45.504297 0
45.514297 0
45.524297 0
45.534297 0
45.544297 0
45.554297 0
45.564297 0
45.574297 0
45.584297 0
45.594297 0
45.604297 0
45.614297 0
45.624297 0
45.634297 0
45.644297 0
45.654297 0
45.664297 0
45.674297 0
45.684297 0
45.694297 0
45.704297 0
45.714297 0
45.724297 0
45.734297 0
45.744297 0
45.754297 0
45.764297 0
45.774297 0
45.784297 0
45.794297 0
45.804297 0
45.814297 0
45.824297 0
45.834297 0
45.844297 0
45.854297 0
45.864297 0
45.874297 0
45.884297 0
45.894297 0
45.904297 0
45.914297 0
45.924297 0
45.934297 0
45.944297 0
45.954297 0
45.964297 0
45.974297 0
45.984297 0
45.994297 0
46.004297 0
46.014297 0
46.024297 0
46.034297 0
46.044297 0
46.054297 0
46.064297 0
46.074297 0
46.084297 0
46.094297 0
46.104297 0
46.114297 0
46.124297 0
46.134297 0
46.144297 0
46.154297 0
46.164297 0
46.174297 0
46.184297 0
46.194297 0
46.204297 0
46.214297 0
46.224297 0
46.234297 0
46.244297 0
46.254297 0
46.264297 0
46.274297 0
46.284297 0
46.294297 0
46.304297 0
46.314297 0
46.324297 0
46.334297 0
46.344297 0
46.354297 0
46.364297 0
46.374297 0
46.384297 0
46.394297 0
46.404297 0
46.414297 0
46.424297 0
46.434297 0
46.444297 0
46.454297 0
46.464297 0
46.474297 0
46.484297 0
46.494297 0
46.504297 0
46.514297 0
46.524297 0
46.534297 0
46.544297 0
46.554297 0
46.564297 0
46.574297 0
46.584297 0
46.594297 0
46.604297 0
46.614297 0
46.624297 0
46.634297 0
46.644297 0
46.654297 0
46.664297 0
46.674297 0
46.684297 0
46.694297 0
46.704297 0
46.714297 0
46.724297 0
46.734297 0
46.744297 0
46.754297 0
46.764297 0
46.774297 0
46.784297 0
46.794297 0
46.804297 0
46.814297 0
46.824297 0
46.834297 0
46.844297 0
46.854297 0
46.864297 0
46.874297 0
46.884297 0
46.894297 0
46.904297 0
46.914297 0
46.924297 0
46.934297 0
46.944297 0
46.954297 0
46.964297 0
46.974297 0
46.984297 0
46.994297 0
47.004297 0
47.014297 0
47.024297 0
47.034297 0
47.044297 0
47.054297 0
47.064297 0
47.074297 0
47.084297 0
47.094297 0
47.104297 0
47.114297 0
47.124297 0
47.134297 0
47.144297 0
47.154297 0
47.164297 0
47.174297 0
47.184297 0
47.194297 0
47.204297 0
47.214297 0
47.224297 0
47.234297 0
47.244297 0
47.254297 0
47.264297 0
47.274297 0
47.284297 0
47.294297 0
47.304297 0
47.314297 0
47.324297 0
47.334297 0
47.344297 0
47.354297 0
47.364297 0
47.374297 0
47.384297 0
47.394297 0
47.404297 0
47.414297 0
47.424297 0
47.434297 0
47.444297 0
47.454297 0
47.464297 0
47.474297 0
47.484297 0
47.494297 0
47.504297 0
47.514297 0
47.524297 0
47.534297 0
47.544297 0
47.554297 0
47.564297 0
47.574297 0
47.584297 0
47.594297 0
47.604297 0
47.614297 0
47.624297 0
47.634297 0
47.644297 0
47.654297 0
47.664297 0
47.674297 0
47.684297 0
47.694297 0
47.704297 0
47.714297 0
47.724297 0
47.734297 0
47.744297 0
47.754297 0
47.764297 0
47.774297 0
47.784297 0
47.794297 0
47.804297 0
47.814297 0
47.824297 0
47.834297 0
47.844297 0
47.854297 0
47.864297 0
47.874297 0
47.884297 0
47.894297 0
47.904297 0
47.914297 0
47.924297 0
47.934297 0
